CenterLanePathFar
302
0.000 0.005 0.500 50.000 0.000 0.010 0.000 1.063
0.000 0.010 0.500 -0.000 0.000 0.010 0.000 1.063
0.000 0.023 1.250 75.000 0.000 0.010 0.000 1.063
0.001 0.040 1.750 50.000 0.000 0.010 0.001 1.063
0.001 0.062 2.250 50.000 0.000 0.010 0.001 1.063
0.002 0.090 2.750 50.000 0.000 0.010 0.002 1.063
0.003 0.122 3.250 50.000 0.000 0.010 0.003 1.063
0.005 0.160 3.750 50.000 0.000 0.010 0.005 1.063
0.007 0.202 4.250 50.000 0.000 0.010 0.007 1.063
0.010 0.250 4.750 50.000 0.000 0.010 0.010 1.063
0.013 0.302 5.250 50.000 0.000 0.010 0.013 1.063
0.016 0.360 5.750 50.000 0.000 0.010 0.016 1.063
0.020 0.422 6.250 50.000 0.000 0.010 0.020 1.063
0.025 0.490 6.750 50.000 0.000 0.010 0.025 1.063
0.031 0.563 7.250 50.000 0.000 0.010 0.031 1.063
0.037 0.640 7.750 50.000 0.000 0.010 0.037 1.063
0.045 0.720 8.000 25.000 0.000 0.010 0.045 1.063
0.053 0.800 8.000 0.000 0.000 0.010 0.053 1.063
0.061 0.880 8.000 0.000 0.000 0.010 0.061 1.063
0.071 0.960 8.000 -0.000 0.000 0.010 0.071 1.063
0.081 1.040 8.000 -0.000 0.000 0.010 0.081 1.063
0.093 1.120 8.000 0.000 0.000 0.010 0.093 1.063
0.105 1.200 8.000 -0.000 0.000 0.010 0.105 1.063
0.117 1.280 8.000 0.000 0.000 0.010 0.117 1.063
0.131 1.360 8.000 0.000 0.000 0.010 0.131 1.063
0.145 1.440 8.000 -0.000 0.000 0.010 0.145 1.063
0.161 1.520 8.000 0.000 0.000 0.010 0.161 1.063
0.177 1.600 8.000 -0.000 0.000 0.010 0.177 1.063
0.193 1.680 8.000 0.000 0.000 0.010 0.193 1.063
0.211 1.760 8.000 0.000 0.000 0.010 0.211 1.063
0.229 1.840 8.000 -0.000 0.000 0.010 0.229 1.063
0.249 1.920 8.000 0.000 0.000 0.010 0.249 1.063
0.269 2.000 8.000 0.000 0.000 0.010 0.269 1.063
0.289 2.080 8.000 0.000 0.000 0.010 0.289 1.063
0.311 2.160 8.000 -0.000 0.000 0.010 0.311 1.063
0.333 2.240 8.000 -0.000 0.000 0.010 0.333 1.063
0.357 2.320 8.000 0.000 0.000 0.010 0.357 1.063
0.381 2.400 8.000 0.000 0.000 0.010 0.381 1.063
0.405 2.480 8.000 -0.000 0.000 0.010 0.405 1.063
0.431 2.560 8.000 0.000 0.000 0.010 0.431 1.063
0.457 2.640 8.000 0.000 0.000 0.010 0.457 1.063
0.485 2.720 8.000 -0.000 0.000 0.010 0.485 1.063
0.513 2.800 8.000 -0.000 0.000 0.010 0.513 1.063
0.541 2.880 8.000 -0.000 0.000 0.010 0.541 1.063
0.571 2.960 8.000 0.000 0.000 0.010 0.571 1.063
0.601 3.040 8.000 -0.000 0.000 0.010 0.601 1.063
0.633 3.120 8.000 0.000 0.000 0.010 0.633 1.063
0.665 3.200 8.000 0.000 0.000 0.010 0.665 1.063
0.697 3.280 8.000 -0.000 0.000 0.010 0.697 1.063
0.731 3.360 8.000 0.000 0.000 0.010 0.731 1.063
0.765 3.440 8.000 -0.000 0.000 0.010 0.765 1.063
0.801 3.520 8.000 -0.000 0.000 0.010 0.801 1.063
0.837 3.600 8.000 0.000 0.000 0.010 0.837 1.063
0.873 3.680 8.000 -0.000 0.000 0.010 0.873 1.063
0.911 3.760 8.000 -0.000 0.000 0.010 0.911 1.063
0.949 3.840 8.000 0.000 0.000 0.010 0.949 1.063
0.989 3.920 8.000 0.000 0.000 0.010 0.989 1.063
1.029 4.000 8.000 0.000 0.000 0.010 1.029 1.063
1.069 4.080 8.000 -0.000 0.000 0.010 1.069 1.063
1.111 4.160 8.000 0.000 0.000 0.010 1.111 1.063
1.153 4.240 8.000 -0.000 0.000 0.010 1.153 1.063
1.197 4.320 8.000 0.000 0.000 0.010 1.197 1.063
1.241 4.400 8.000 0.000 0.000 0.010 1.241 1.063
1.285 4.480 8.000 -0.000 0.000 0.010 1.285 1.063
1.331 4.560 8.000 0.000 0.000 0.010 1.331 1.063
1.377 4.640 8.000 -0.000 0.000 0.010 1.377 1.063
1.425 4.720 8.000 0.000 0.000 0.010 1.425 1.063
1.473 4.800 8.000 0.000 0.000 0.010 1.473 1.063
1.521 4.880 8.000 -0.000 0.000 0.010 1.521 1.063
1.571 4.960 8.000 0.000 0.000 0.010 1.571 1.063
1.621 5.040 8.000 -0.000 0.000 0.010 1.621 1.063
1.673 5.120 8.000 0.000 0.000 0.010 1.673 1.063
1.725 5.200 8.000 0.000 0.000 0.010 1.725 1.063
1.777 5.280 8.000 -0.000 0.000 0.010 1.777 1.063
1.831 5.360 8.000 0.000 0.000 0.010 1.831 1.063
1.885 5.440 8.000 -0.000 0.000 0.010 1.885 1.063
1.941 5.520 8.000 0.000 0.000 0.010 1.941 1.063
1.997 5.600 8.000 -0.000 0.000 0.010 1.997 1.063
2.053 5.680 8.000 0.000 0.000 0.010 2.053 1.063
2.111 5.760 8.000 -0.000 0.000 0.010 2.111 1.063
2.169 5.840 8.000 0.000 0.000 0.010 2.169 1.063
2.229 5.920 8.000 0.000 0.000 0.010 2.229 1.063
2.289 6.000 8.000 -0.000 0.000 0.010 2.289 1.063
2.349 6.080 8.000 0.000 0.000 0.010 2.349 1.063
2.411 6.160 8.000 0.000 0.000 0.010 2.411 1.063
2.473 6.240 8.000 0.000 0.000 0.010 2.473 1.063
2.537 6.320 8.000 -0.000 0.000 0.010 2.537 1.063
2.601 6.400 8.000 0.000 0.000 0.010 2.601 1.063
2.665 6.480 8.000 -0.000 0.000 0.010 2.665 1.063
2.731 6.560 8.000 0.000 0.000 0.010 2.731 1.063
2.797 6.640 8.000 0.000 0.000 0.010 2.797 1.063
2.865 6.720 8.000 0.000 0.000 0.010 2.865 1.063
2.933 6.800 8.000 0.000 0.000 0.010 2.933 1.063
3.001 6.880 8.000 -0.000 0.000 0.010 3.001 1.063
3.071 6.960 8.000 0.000 0.000 0.010 3.071 1.063
3.141 7.040 8.000 -0.000 0.000 0.010 3.141 1.063
3.213 7.120 8.000 0.000 0.000 0.010 3.213 1.063
3.285 7.200 8.000 -0.000 0.000 0.010 3.285 1.063
3.357 7.280 8.000 0.000 0.000 0.010 3.357 1.063
3.431 7.360 8.000 -0.000 0.000 0.010 3.431 1.063
3.505 7.440 8.000 0.000 0.000 0.010 3.505 1.063
3.581 7.520 8.000 0.000 0.000 0.010 3.581 1.063
3.657 7.600 8.000 -0.000 0.000 0.010 3.657 1.063
3.733 7.680 8.000 0.000 0.000 0.010 3.733 1.063
3.811 7.760 8.000 -0.000 0.000 0.010 3.811 1.063
3.889 7.840 8.000 0.000 0.000 0.010 3.889 1.063
3.969 7.920 8.000 -0.000 0.000 0.010 3.969 1.063
4.049 8.000 8.000 0.000 0.000 0.010 4.049 1.063
4.129 8.080 8.000 -0.000 0.000 0.010 4.129 1.063
4.211 8.160 8.000 0.000 0.000 0.010 4.211 1.063
4.293 8.240 8.000 -0.000 0.000 0.010 4.293 1.063
4.377 8.320 8.000 0.000 0.000 0.010 4.377 1.063
4.461 8.400 8.000 0.000 0.000 0.010 4.461 1.063
4.545 8.480 8.000 -0.000 0.000 0.010 4.545 1.063
4.631 8.560 8.000 0.000 0.000 0.010 4.631 1.063
4.717 8.640 8.000 -0.000 0.000 0.010 4.717 1.063
4.805 8.720 8.000 -0.000 0.000 0.010 4.805 1.063
4.893 8.800 8.000 0.000 0.000 0.010 4.893 1.063
4.981 8.880 8.000 -0.000 0.000 0.010 4.981 1.063
5.071 8.960 8.000 0.000 0.000 0.010 5.071 1.063
5.161 9.040 8.000 -0.000 0.000 0.010 5.161 1.063
5.253 9.120 8.000 0.000 0.000 0.010 5.253 1.063
5.345 9.200 8.000 -0.000 0.000 0.010 5.345 1.063
5.437 9.280 8.000 0.000 0.000 0.010 5.437 1.063
5.531 9.360 8.000 0.000 0.000 0.010 5.531 1.063
5.625 9.438 7.750 -25.000 0.000 0.010 5.625 1.063
5.720 9.510 7.250 -50.000 0.000 0.010 5.720 1.063
5.816 9.578 6.750 -50.000 0.000 0.010 5.816 1.063
5.913 9.640 6.250 -50.000 0.000 0.010 5.913 1.063
6.010 9.698 5.750 -50.000 0.000 0.010 6.010 1.063
6.107 9.750 5.250 -50.000 0.000 0.010 6.107 1.063
6.205 9.798 4.750 -50.000 0.000 0.010 6.205 1.063
6.304 9.840 4.250 -50.000 0.000 0.010 6.304 1.063
6.402 9.878 3.750 -50.000 0.000 0.010 6.402 1.063
6.501 9.910 3.250 -50.000 0.000 0.010 6.501 1.063
6.601 9.938 2.750 -50.000 0.000 0.010 6.601 1.063
6.700 9.960 2.250 -50.000 0.000 0.010 6.700 1.063
6.800 9.978 1.750 -50.000 0.000 0.010 6.800 1.063
6.900 9.990 1.250 -50.000 0.000 0.010 6.900 1.063
7.000 9.998 0.750 -50.000 0.000 0.010 7.000 1.063
7.099 9.889 -10.899 -1164.937 0.001 0.010 7.099 1.063
7.196 9.672 -21.640 -1074.110 0.004 0.010 7.196 1.063
7.290 9.463 -20.886 75.408 0.009 0.010 7.290 1.063
7.383 9.259 -20.405 48.115 0.016 0.010 7.383 1.065
7.473 9.058 -20.156 24.881 0.025 0.010 7.473 1.066
7.562 8.857 -20.105 5.092 0.036 0.010 7.562 1.069
7.649 8.654 -20.222 -11.610 0.048 0.010 7.648 1.073
7.733 8.450 -20.475 -25.353 0.063 0.010 7.733 1.077
7.815 8.241 -20.836 -36.042 0.080 0.010 7.815 1.083
7.896 8.029 -21.269 -43.372 0.098 0.010 7.895 1.090
7.974 7.811 -21.738 -46.827 0.119 0.010 7.973 1.099
8.050 7.589 -22.194 -45.692 0.141 0.010 8.048 1.109
8.123 7.363 -22.585 -39.087 0.166 0.010 8.121 1.120
8.195 7.135 -22.846 -26.021 0.193 0.010 8.191 1.133
8.264 6.906 -22.901 -5.505 0.222 0.010 8.258 1.147
8.331 6.679 -22.668 23.289 0.254 0.010 8.323 1.163
8.395 6.459 -22.060 60.798 0.287 0.010 8.386 1.180
8.458 6.249 -20.992 106.790 0.322 0.010 8.445 1.199
8.518 6.055 -19.391 160.076 0.359 0.010 8.502 1.219
8.577 5.883 -17.208 218.278 0.398 0.010 8.557 1.240
8.634 5.737 -14.568 263.992 0.438 0.010 8.609 1.264
8.691 5.622 -11.498 306.997 0.479 0.010 8.660 1.289
8.746 5.543 -7.954 354.427 0.521 0.010 8.708 1.315
8.801 5.502 -4.090 386.394 0.563 0.010 8.755 1.344
8.856 5.501 -0.105 398.566 0.605 0.010 8.801 1.374
8.911 5.538 3.789 389.324 0.646 0.010 8.846 1.406
8.968 5.612 7.386 359.687 0.686 0.010 8.890 1.441
9.025 5.717 10.516 313.083 0.725 0.010 8.934 1.478
9.083 5.848 13.063 254.614 0.762 0.010 8.977 1.518
9.143 5.998 14.963 190.048 0.797 0.010 9.020 1.560
9.205 6.160 16.212 124.846 0.831 0.010 9.062 1.605
9.268 6.328 16.846 63.455 0.862 0.010 9.104 1.652
9.333 6.498 16.936 8.954 0.891 0.010 9.145 1.702
9.400 6.663 16.566 -36.969 0.918 0.010 9.187 1.754
9.468 6.822 15.828 -73.811 0.942 0.010 9.227 1.809
9.538 6.970 14.808 -101.937 0.965 0.010 9.268 1.866
9.609 7.107 13.774 -103.430 0.985 0.010 9.308 1.925
9.681 7.236 12.822 -95.263 1.004 0.010 9.347 1.985
9.755 7.354 11.829 -99.272 1.020 0.010 9.386 2.048
9.829 7.462 10.828 -100.037 1.035 0.010 9.424 2.112
9.905 7.561 9.848 -98.050 1.049 0.010 9.463 2.177
9.981 7.650 8.906 -94.153 1.060 0.010 9.500 2.244
10.059 7.730 8.016 -89.007 1.070 0.010 9.538 2.311
10.137 7.802 7.185 -83.116 1.079 0.010 9.575 2.380
10.215 7.866 6.417 -76.858 1.086 0.010 9.612 2.449
10.294 7.923 5.712 -70.505 1.092 0.010 9.649 2.519
10.374 7.974 5.069 -64.251 1.097 0.010 9.685 2.590
10.454 8.019 4.487 -58.228 1.101 0.010 9.722 2.662
10.535 8.058 3.961 -52.525 1.103 0.010 9.758 2.734
10.616 8.093 3.490 -47.197 1.104 0.010 9.794 2.806
10.697 8.124 3.067 -42.277 1.105 0.010 9.831 2.878
10.779 8.151 2.689 -37.783 1.104 0.010 9.868 2.951
10.860 8.174 2.352 -33.724 1.103 0.010 9.904 3.024
10.942 8.195 2.051 -30.101 1.100 0.010 9.941 3.097
11.024 8.213 1.782 -26.912 1.097 0.010 9.979 3.170
11.107 8.228 1.540 -24.156 1.092 0.010 10.017 3.244
11.189 8.241 1.322 -21.831 1.087 0.010 10.055 3.317
11.272 8.252 1.122 -19.935 1.081 0.010 10.093 3.390
11.354 8.262 0.938 -18.468 1.074 0.010 10.132 3.462
11.437 8.269 0.763 -17.434 1.066 0.010 10.172 3.535
11.520 8.275 0.595 -16.832 1.057 0.010 10.212 3.607
11.603 8.280 0.428 -16.668 1.048 0.010 10.253 3.679
11.685 8.282 0.259 -16.941 1.038 0.010 10.295 3.751
11.768 8.283 0.082 -17.654 1.027 0.010 10.338 3.822
11.851 8.282 -0.106 -18.804 1.015 0.010 10.381 3.892
11.934 8.279 -0.310 -20.383 1.003 0.010 10.425 3.962
12.017 8.274 -0.533 -22.377 0.990 0.010 10.470 4.032
12.099 8.266 -0.781 -24.767 0.976 0.010 10.516 4.101
12.182 8.255 -1.056 -27.521 0.962 0.010 10.562 4.169
12.264 8.242 -1.362 -30.599 0.947 0.010 10.610 4.236
12.346 8.225 -1.702 -33.946 0.931 0.010 10.659 4.302
12.428 8.204 -2.077 -37.498 0.915 0.010 10.708 4.368
12.510 8.179 -2.488 -41.177 0.898 0.010 10.759 4.432
12.592 8.150 -2.937 -44.894 0.881 0.010 10.810 4.495
12.673 8.115 -3.423 -48.551 0.863 0.010 10.862 4.558
12.754 8.076 -3.943 -52.042 0.845 0.010 10.915 4.618
12.834 8.031 -4.496 -55.259 0.827 0.010 10.969 4.678
12.914 7.980 -5.077 -58.096 0.808 0.010 11.024 4.736
12.993 7.923 -5.681 -60.451 0.789 0.010 11.079 4.793
13.072 7.860 -6.304 -62.235 0.770 0.010 11.135 4.848
13.150 7.791 -6.937 -63.373 0.751 0.010 11.191 4.902
13.227 7.715 -7.575 -63.812 0.732 0.010 11.248 4.954
13.303 7.633 -8.211 -63.519 0.713 0.010 11.305 5.005
13.378 7.545 -8.836 -62.490 0.694 0.010 11.363 5.053
13.453 7.450 -9.443 -60.741 0.675 0.010 11.421 5.101
13.526 7.350 -10.026 -58.316 0.656 0.010 11.478 5.146
13.599 7.244 -10.579 -55.279 0.638 0.010 11.536 5.190
13.670 7.133 -11.096 -51.710 0.620 0.010 11.594 5.232
13.740 7.018 -11.573 -47.703 0.602 0.010 11.651 5.272
13.809 6.897 -12.007 -43.359 0.584 0.010 11.709 5.310
13.877 6.773 -12.395 -38.784 0.567 0.010 11.765 5.347
13.944 6.646 -12.735 -34.079 0.551 0.010 11.822 5.383
14.009 6.516 -13.029 -29.340 0.535 0.010 11.878 5.416
14.073 6.383 -13.275 -24.656 0.519 0.010 11.933 5.448
14.135 6.248 -13.476 -20.103 0.504 0.010 11.987 5.479
14.196 6.112 -13.634 -15.742 0.489 0.010 12.041 5.508
14.256 5.974 -13.750 -11.626 0.475 0.010 12.094 5.536
14.314 5.836 -13.828 -7.789 0.462 0.010 12.146 5.562
14.371 5.698 -13.870 -4.258 0.449 0.010 12.197 5.587
14.427 5.559 -13.881 -1.046 0.436 0.010 12.247 5.611
14.481 5.420 -13.862 1.844 0.425 0.010 12.297 5.634
14.534 5.282 -13.818 4.415 0.413 0.010 12.345 5.655
14.585 5.144 -13.752 6.676 0.403 0.010 12.392 5.675
14.635 5.008 -13.665 8.645 0.392 0.010 12.438 5.695
14.684 4.872 -13.562 10.337 0.383 0.010 12.483 5.713
14.731 4.738 -13.444 11.776 0.374 0.010 12.527 5.731
14.778 4.605 -13.314 12.982 0.365 0.010 12.570 5.747
14.822 4.473 -13.174 13.977 0.357 0.010 12.612 5.763
14.866 4.343 -13.027 14.786 0.349 0.010 12.653 5.778
14.908 4.214 -12.872 15.426 0.342 0.010 12.693 5.792
14.949 4.087 -12.713 15.921 0.335 0.010 12.731 5.806
14.988 3.961 -12.550 16.287 0.328 0.010 12.769 5.819
15.027 3.837 -12.385 16.543 0.322 0.010 12.805 5.831
15.064 3.715 -12.218 16.703 0.317 0.010 12.840 5.843
15.100 3.595 -12.050 16.782 0.312 0.010 12.874 5.854
15.135 3.476 -11.882 16.791 0.307 0.010 12.908 5.864
15.168 3.359 -11.715 16.742 0.302 0.010 12.940 5.875
15.201 3.243 -11.548 16.642 0.298 0.010 12.971 5.884
15.232 3.129 -11.383 16.501 0.294 0.010 13.000 5.893
15.262 3.017 -11.220 16.324 0.291 0.010 13.029 5.902
15.291 2.907 -11.059 16.117 0.288 0.010 13.057 5.910
15.319 2.798 -10.900 15.885 0.285 0.010 13.084 5.918
15.346 2.690 -10.744 15.631 0.282 0.010 13.110 5.926
15.372 2.584 -10.590 15.357 0.280 0.010 13.135 5.933
15.397 2.480 -10.439 15.066 0.277 0.010 13.159 5.940
15.420 2.377 -10.292 14.759 0.275 0.010 13.181 5.946
15.443 2.275 -10.147 14.438 0.273 0.010 13.203 5.952
15.465 2.175 -10.006 14.102 0.272 0.010 13.224 5.958
15.486 2.077 -9.869 13.751 0.270 0.010 13.244 5.964
15.505 1.979 -9.735 13.387 0.269 0.010 13.263 5.969
15.524 1.883 -9.605 13.009 0.268 0.010 13.282 5.974
15.542 1.789 -9.479 12.615 0.267 0.010 13.299 5.979
15.559 1.695 -9.357 12.207 0.266 0.010 13.315 5.983
15.575 1.603 -9.239 11.782 0.265 0.010 13.331 5.987
15.590 1.511 -9.125 11.342 0.265 0.010 13.345 5.991
15.604 1.421 -9.017 10.884 0.264 0.010 13.359 5.995
15.618 1.332 -8.912 10.410 0.264 0.010 13.372 5.999
15.630 1.244 -8.813 9.918 0.263 0.010 13.384 6.002
15.642 1.157 -8.719 9.409 0.263 0.010 13.395 6.005
15.652 1.070 -8.630 8.882 0.263 0.010 13.405 6.008
15.662 0.985 -8.547 8.337 0.262 0.010 13.415 6.010
15.671 0.900 -8.469 7.776 0.262 0.010 13.423 6.012
15.679 0.816 -8.397 7.197 0.262 0.010 13.431 6.015
15.687 0.733 -8.331 6.603 0.262 0.010 13.438 6.016
15.693 0.650 -8.271 5.993 0.262 0.010 13.445 6.018
15.699 0.571 -7.973 29.851 0.262 0.010 13.450 6.020
15.704 0.496 -7.431 54.231 0.262 0.010 13.455 6.021
15.708 0.427 -6.890 54.072 0.262 0.010 13.459 6.022
15.712 0.364 -6.357 53.278 0.262 0.010 13.463 6.023
15.715 0.305 -5.831 52.591 0.262 0.010 13.466 6.024
15.717 0.252 -5.311 52.005 0.262 0.010 13.468 6.024
15.720 0.204 -4.796 51.513 0.262 0.010 13.470 6.025
15.721 0.162 -4.285 51.109 0.262 0.010 13.472 6.025
15.722 0.124 -3.777 50.783 0.262 0.010 13.473 6.026
15.723 0.091 -3.272 50.528 0.262 0.010 13.474 6.026
15.724 0.063 -2.768 50.335 0.262 0.010 13.474 6.026
15.724 0.041 -2.266 50.196 0.262 0.010 13.475 6.026
15.725 0.023 -1.765 50.102 0.262 0.010 13.475 6.026
15.725 0.010 -1.265 50.045 0.262 0.010 13.475 6.026
15.725 0.003 -0.765 50.015 0.262 0.010 13.475 6.026
15.725 0.000 -0.265 50.003 0.262 0.010 13.475 6.026
15.725 0.000 -0.007 25.739 0.262 0.010 13.475 6.026
0.000 0.005 0.500 50.000 0.000 0.010 0.000 -1.063
0.000 0.010 0.500 -0.000 0.000 0.010 0.000 -1.063
0.000 0.023 1.250 75.000 0.000 0.010 0.000 -1.063
0.001 0.040 1.750 50.000 0.000 0.010 0.001 -1.063
0.001 0.062 2.250 50.000 0.000 0.010 0.001 -1.063
0.002 0.090 2.750 50.000 0.000 0.010 0.002 -1.063
0.003 0.122 3.250 50.000 0.000 0.010 0.003 -1.063
0.005 0.160 3.750 50.000 0.000 0.010 0.005 -1.063
0.007 0.202 4.250 50.000 0.000 0.010 0.007 -1.063
0.010 0.250 4.750 50.000 0.000 0.010 0.010 -1.063
0.013 0.302 5.250 50.000 0.000 0.010 0.013 -1.063
0.016 0.360 5.750 50.000 0.000 0.010 0.016 -1.063
0.020 0.422 6.250 50.000 0.000 0.010 0.020 -1.063
0.025 0.490 6.750 50.000 0.000 0.010 0.025 -1.063
0.031 0.563 7.250 50.000 0.000 0.010 0.031 -1.063
0.037 0.640 7.750 50.000 0.000 0.010 0.037 -1.063
0.045 0.720 8.000 25.000 0.000 0.010 0.045 -1.063
0.053 0.800 8.000 0.000 0.000 0.010 0.053 -1.063
0.061 0.880 8.000 0.000 0.000 0.010 0.061 -1.063
0.071 0.960 8.000 -0.000 0.000 0.010 0.071 -1.063
0.081 1.040 8.000 -0.000 0.000 0.010 0.081 -1.063
0.093 1.120 8.000 0.000 0.000 0.010 0.093 -1.063
0.105 1.200 8.000 -0.000 0.000 0.010 0.105 -1.063
0.117 1.280 8.000 0.000 0.000 0.010 0.117 -1.063
0.131 1.360 8.000 0.000 0.000 0.010 0.131 -1.063
0.145 1.440 8.000 -0.000 0.000 0.010 0.145 -1.063
0.161 1.520 8.000 0.000 0.000 0.010 0.161 -1.063
0.177 1.600 8.000 -0.000 0.000 0.010 0.177 -1.063
0.193 1.680 8.000 0.000 0.000 0.010 0.193 -1.063
0.211 1.760 8.000 0.000 0.000 0.010 0.211 -1.063
0.229 1.840 8.000 -0.000 0.000 0.010 0.229 -1.063
0.249 1.920 8.000 0.000 0.000 0.010 0.249 -1.063
0.269 2.000 8.000 0.000 0.000 0.010 0.269 -1.063
0.289 2.080 8.000 0.000 0.000 0.010 0.289 -1.063
0.311 2.160 8.000 -0.000 0.000 0.010 0.311 -1.063
0.333 2.240 8.000 -0.000 0.000 0.010 0.333 -1.063
0.357 2.320 8.000 0.000 0.000 0.010 0.357 -1.063
0.381 2.400 8.000 0.000 0.000 0.010 0.381 -1.063
0.405 2.480 8.000 -0.000 0.000 0.010 0.405 -1.063
0.431 2.560 8.000 0.000 0.000 0.010 0.431 -1.063
0.457 2.640 8.000 0.000 0.000 0.010 0.457 -1.063
0.485 2.720 8.000 -0.000 0.000 0.010 0.485 -1.063
0.513 2.800 8.000 -0.000 0.000 0.010 0.513 -1.063
0.541 2.880 8.000 -0.000 0.000 0.010 0.541 -1.063
0.571 2.960 8.000 0.000 0.000 0.010 0.571 -1.063
0.601 3.040 8.000 -0.000 0.000 0.010 0.601 -1.063
0.633 3.120 8.000 0.000 0.000 0.010 0.633 -1.063
0.665 3.200 8.000 0.000 0.000 0.010 0.665 -1.063
0.697 3.280 8.000 -0.000 0.000 0.010 0.697 -1.063
0.731 3.360 8.000 0.000 0.000 0.010 0.731 -1.063
0.765 3.440 8.000 -0.000 0.000 0.010 0.765 -1.063
0.801 3.520 8.000 -0.000 0.000 0.010 0.801 -1.063
0.837 3.600 8.000 0.000 0.000 0.010 0.837 -1.063
0.873 3.680 8.000 -0.000 0.000 0.010 0.873 -1.063
0.911 3.760 8.000 -0.000 0.000 0.010 0.911 -1.063
0.949 3.840 8.000 0.000 0.000 0.010 0.949 -1.063
0.989 3.920 8.000 0.000 0.000 0.010 0.989 -1.063
1.029 4.000 8.000 0.000 0.000 0.010 1.029 -1.063
1.069 4.080 8.000 -0.000 0.000 0.010 1.069 -1.063
1.111 4.160 8.000 0.000 0.000 0.010 1.111 -1.063
1.153 4.240 8.000 -0.000 0.000 0.010 1.153 -1.063
1.197 4.320 8.000 0.000 0.000 0.010 1.197 -1.063
1.241 4.400 8.000 0.000 0.000 0.010 1.241 -1.063
1.285 4.480 8.000 -0.000 0.000 0.010 1.285 -1.063
1.331 4.560 8.000 0.000 0.000 0.010 1.331 -1.063
1.377 4.640 8.000 -0.000 0.000 0.010 1.377 -1.063
1.425 4.720 8.000 0.000 0.000 0.010 1.425 -1.063
1.473 4.800 8.000 0.000 0.000 0.010 1.473 -1.063
1.521 4.880 8.000 -0.000 0.000 0.010 1.521 -1.063
1.571 4.960 8.000 0.000 0.000 0.010 1.571 -1.063
1.621 5.040 8.000 -0.000 0.000 0.010 1.621 -1.063
1.673 5.120 8.000 0.000 0.000 0.010 1.673 -1.063
1.725 5.200 8.000 0.000 0.000 0.010 1.725 -1.063
1.777 5.280 8.000 -0.000 0.000 0.010 1.777 -1.063
1.831 5.360 8.000 0.000 0.000 0.010 1.831 -1.063
1.885 5.440 8.000 -0.000 0.000 0.010 1.885 -1.063
1.941 5.520 8.000 0.000 0.000 0.010 1.941 -1.063
1.997 5.600 8.000 -0.000 0.000 0.010 1.997 -1.063
2.053 5.680 8.000 0.000 0.000 0.010 2.053 -1.063
2.111 5.760 8.000 -0.000 0.000 0.010 2.111 -1.063
2.169 5.840 8.000 0.000 0.000 0.010 2.169 -1.063
2.229 5.920 8.000 0.000 0.000 0.010 2.229 -1.063
2.289 6.000 8.000 -0.000 0.000 0.010 2.289 -1.063
2.349 6.080 8.000 0.000 0.000 0.010 2.349 -1.063
2.411 6.160 8.000 0.000 0.000 0.010 2.411 -1.063
2.473 6.240 8.000 0.000 0.000 0.010 2.473 -1.063
2.537 6.320 8.000 -0.000 0.000 0.010 2.537 -1.063
2.601 6.400 8.000 0.000 0.000 0.010 2.601 -1.063
2.665 6.480 8.000 -0.000 0.000 0.010 2.665 -1.063
2.731 6.560 8.000 0.000 0.000 0.010 2.731 -1.063
2.797 6.640 8.000 0.000 0.000 0.010 2.797 -1.063
2.865 6.720 8.000 0.000 0.000 0.010 2.865 -1.063
2.933 6.800 8.000 0.000 0.000 0.010 2.933 -1.063
3.001 6.880 8.000 -0.000 0.000 0.010 3.001 -1.063
3.071 6.960 8.000 0.000 0.000 0.010 3.071 -1.063
3.141 7.040 8.000 -0.000 0.000 0.010 3.141 -1.063
3.213 7.120 8.000 0.000 0.000 0.010 3.213 -1.063
3.285 7.200 8.000 -0.000 0.000 0.010 3.285 -1.063
3.357 7.280 8.000 0.000 0.000 0.010 3.357 -1.063
3.431 7.360 8.000 -0.000 0.000 0.010 3.431 -1.063
3.505 7.440 8.000 0.000 0.000 0.010 3.505 -1.063
3.581 7.520 8.000 0.000 0.000 0.010 3.581 -1.063
3.657 7.600 8.000 -0.000 0.000 0.010 3.657 -1.063
3.733 7.680 8.000 0.000 0.000 0.010 3.733 -1.063
3.811 7.760 8.000 -0.000 0.000 0.010 3.811 -1.063
3.889 7.840 8.000 0.000 0.000 0.010 3.889 -1.063
3.969 7.920 8.000 -0.000 0.000 0.010 3.969 -1.063
4.049 8.000 8.000 0.000 0.000 0.010 4.049 -1.063
4.129 8.080 8.000 -0.000 0.000 0.010 4.129 -1.063
4.211 8.160 8.000 0.000 0.000 0.010 4.211 -1.063
4.293 8.240 8.000 -0.000 0.000 0.010 4.293 -1.063
4.377 8.320 8.000 0.000 0.000 0.010 4.377 -1.063
4.461 8.400 8.000 0.000 0.000 0.010 4.461 -1.063
4.545 8.480 8.000 -0.000 0.000 0.010 4.545 -1.063
4.631 8.560 8.000 0.000 0.000 0.010 4.631 -1.063
4.717 8.640 8.000 -0.000 0.000 0.010 4.717 -1.063
4.805 8.720 8.000 -0.000 0.000 0.010 4.805 -1.063
4.893 8.800 8.000 0.000 0.000 0.010 4.893 -1.063
4.981 8.880 8.000 -0.000 0.000 0.010 4.981 -1.063
5.071 8.960 8.000 0.000 0.000 0.010 5.071 -1.063
5.161 9.040 8.000 -0.000 0.000 0.010 5.161 -1.063
5.253 9.120 8.000 0.000 0.000 0.010 5.253 -1.063
5.345 9.200 8.000 -0.000 0.000 0.010 5.345 -1.063
5.437 9.280 8.000 0.000 0.000 0.010 5.437 -1.063
5.531 9.360 8.000 0.000 0.000 0.010 5.531 -1.063
5.625 9.438 7.750 -25.000 0.000 0.010 5.625 -1.063
5.720 9.510 7.250 -50.000 0.000 0.010 5.720 -1.063
5.816 9.578 6.750 -50.000 0.000 0.010 5.816 -1.063
5.913 9.640 6.250 -50.000 0.000 0.010 5.913 -1.063
6.010 9.698 5.750 -50.000 0.000 0.010 6.010 -1.063
6.107 9.750 5.250 -50.000 0.000 0.010 6.107 -1.063
6.205 9.798 4.750 -50.000 0.000 0.010 6.205 -1.063
6.304 9.840 4.250 -50.000 0.000 0.010 6.304 -1.063
6.402 9.878 3.750 -50.000 0.000 0.010 6.402 -1.063
6.501 9.910 3.250 -50.000 0.000 0.010 6.501 -1.063
6.601 9.938 2.750 -50.000 0.000 0.010 6.601 -1.063
6.700 9.960 2.250 -50.000 0.000 0.010 6.700 -1.063
6.800 9.978 1.750 -50.000 0.000 0.010 6.800 -1.063
6.900 9.990 1.250 -50.000 0.000 0.010 6.900 -1.063
7.000 9.998 0.750 -50.000 0.000 0.010 7.000 -1.063
7.101 10.111 11.399 1064.927 0.001 0.010 7.101 -1.062
7.204 10.328 21.640 1024.049 0.004 0.010 7.204 -1.062
7.310 10.537 20.885 -75.472 0.009 0.010 7.310 -1.062
7.417 10.741 20.403 -48.175 0.016 0.010 7.417 -1.060
7.527 10.942 20.154 -24.939 0.025 0.010 7.527 -1.058
7.638 11.143 20.102 -5.151 0.036 0.010 7.638 -1.055
7.751 11.346 20.218 11.548 0.048 0.010 7.751 -1.050
7.867 11.550 20.471 25.286 0.063 0.010 7.867 -1.043
7.985 11.759 20.830 35.971 0.080 0.010 7.984 -1.035
8.104 11.971 21.263 43.296 0.098 0.010 8.103 -1.024
8.226 12.188 21.731 46.745 0.119 0.010 8.224 -1.011
8.350 12.410 22.187 45.606 0.141 0.010 8.347 -0.995
8.477 12.636 22.577 38.999 0.166 0.010 8.472 -0.976
8.605 12.864 22.836 25.935 0.193 0.010 8.599 -0.953
8.736 13.093 22.891 5.425 0.222 0.010 8.727 -0.926
8.869 13.320 22.657 -23.355 0.254 0.010 8.856 -0.894
9.005 13.540 22.049 -60.842 0.287 0.010 8.987 -0.858
9.142 13.750 20.981 -106.803 0.322 0.010 9.118 -0.817
9.282 13.944 19.380 -160.048 0.359 0.010 9.249 -0.771
9.423 14.116 17.198 -218.201 0.398 0.010 9.381 -0.718
9.565 14.257 14.074 -312.373 0.438 0.010 9.511 -0.660
9.709 14.357 10.021 -405.313 0.479 0.010 9.640 -0.597
9.853 14.412 5.479 -454.170 0.521 0.010 9.766 -0.528
9.997 14.418 0.618 -486.105 0.563 0.010 9.890 -0.453
10.141 14.374 -4.364 -498.265 0.605 0.010 10.010 -0.374
10.284 14.282 -9.255 -489.035 0.646 0.010 10.125 -0.291
10.425 14.143 -13.849 -459.432 0.686 0.010 10.237 -0.203
10.565 13.963 -17.978 -412.879 0.725 0.010 10.343 -0.113
10.702 13.748 -21.522 -354.470 0.762 0.010 10.444 -0.020
10.838 13.504 -24.422 -289.964 0.797 0.010 10.540 0.075
10.970 13.237 -26.670 -224.819 0.831 0.010 10.631 0.172
11.099 12.954 -28.305 -163.475 0.862 0.010 10.717 0.269
11.226 12.660 -29.395 -109.011 0.891 0.010 10.798 0.366
11.350 12.360 -30.026 -63.112 0.918 0.010 10.874 0.463
11.470 12.057 -30.289 -26.285 0.942 0.010 10.946 0.560
11.588 11.754 -30.271 1.835 0.965 0.010 11.014 0.656
11.702 11.457 -29.752 51.848 0.985 0.010 11.079 0.750
11.814 11.169 -28.815 93.684 1.004 0.010 11.139 0.844
11.923 10.891 -27.824 99.180 1.020 0.010 11.197 0.936
12.029 10.622 -26.824 99.955 1.035 0.010 11.252 1.027
12.133 10.364 -25.844 97.978 1.049 0.010 11.304 1.117
12.234 10.115 -24.903 94.090 1.060 0.010 11.354 1.205
12.333 9.875 -24.014 88.952 1.070 0.010 11.402 1.291
12.429 9.643 -23.183 83.069 1.079 0.010 11.448 1.376
12.523 9.419 -22.415 76.817 1.086 0.010 11.492 1.459
12.615 9.202 -21.710 70.470 1.092 0.010 11.535 1.541
12.705 8.991 -21.068 64.221 1.097 0.010 11.576 1.621
12.793 8.786 -20.486 58.202 1.101 0.010 11.616 1.699
12.879 8.586 -19.961 52.503 1.103 0.010 11.655 1.776
12.963 8.392 -19.489 47.178 1.104 0.010 11.692 1.851
13.045 8.201 -19.067 42.260 1.105 0.010 11.729 1.924
13.125 8.014 -18.689 37.769 1.104 0.010 11.765 1.995
13.203 7.831 -18.352 33.711 1.103 0.010 11.801 2.065
13.280 7.650 -18.051 30.089 1.100 0.010 11.835 2.134
13.355 7.472 -17.782 26.902 1.097 0.010 11.869 2.200
13.427 7.297 -17.540 24.147 1.092 0.010 11.903 2.265
13.499 7.124 -17.322 21.823 1.087 0.010 11.936 2.328
13.568 6.952 -17.123 19.927 1.081 0.010 11.968 2.389
13.636 6.783 -16.938 18.462 1.074 0.010 12.000 2.449
13.702 6.615 -16.764 17.428 1.066 0.010 12.032 2.507
13.767 6.449 -16.596 16.827 1.057 0.010 12.064 2.564
13.830 6.285 -16.429 16.663 1.048 0.010 12.095 2.618
13.891 6.122 -16.260 16.938 1.038 0.010 12.125 2.671
13.950 5.962 -16.083 17.651 1.027 0.010 12.156 2.722
14.008 5.803 -15.895 18.802 1.015 0.010 12.186 2.772
14.065 5.646 -15.691 20.381 1.003 0.010 12.216 2.820
14.120 5.491 -15.468 22.377 0.990 0.010 12.246 2.866
14.173 5.339 -15.220 24.768 0.976 0.010 12.276 2.910
14.225 5.189 -14.945 27.523 0.962 0.010 12.305 2.953
14.276 5.043 -14.639 30.601 0.947 0.010 12.334 2.994
14.325 4.900 -14.299 33.950 0.931 0.010 12.363 3.034
14.372 4.761 -13.924 37.503 0.915 0.010 12.392 3.071
14.418 4.626 -13.512 41.183 0.898 0.010 12.421 3.108
14.463 4.495 -13.063 44.901 0.881 0.010 12.449 3.143
14.507 4.369 -12.578 48.559 0.863 0.010 12.477 3.176
14.550 4.249 -12.057 52.051 0.845 0.010 12.505 3.208
14.591 4.134 -11.505 55.269 0.827 0.010 12.533 3.239
14.631 4.024 -10.924 58.107 0.808 0.010 12.560 3.268
14.670 3.921 -10.319 60.462 0.789 0.010 12.588 3.296
14.709 3.824 -9.696 62.247 0.770 0.010 12.615 3.323
14.746 3.734 -9.063 63.385 0.751 0.010 12.642 3.349
14.782 3.649 -8.424 63.823 0.732 0.010 12.669 3.374
14.818 3.572 -7.789 63.530 0.713 0.010 12.695 3.397
14.853 3.500 -7.164 62.500 0.694 0.010 12.722 3.420
14.887 3.434 -6.557 60.751 0.675 0.010 12.749 3.442
14.921 3.375 -5.973 58.325 0.656 0.010 12.775 3.463
14.954 3.320 -5.420 55.286 0.638 0.010 12.802 3.483
14.987 3.271 -4.903 51.716 0.620 0.010 12.828 3.502
15.019 3.227 -4.426 47.707 0.602 0.010 12.855 3.520
15.051 3.187 -3.993 43.363 0.584 0.010 12.881 3.538
15.083 3.151 -3.605 38.786 0.567 0.010 12.907 3.555
15.114 3.118 -3.264 34.079 0.551 0.010 12.934 3.572
15.145 3.089 -2.971 29.340 0.535 0.010 12.960 3.588
15.175 3.062 -2.724 24.655 0.519 0.010 12.987 3.603
15.206 3.036 -2.523 20.101 0.504 0.010 13.013 3.618
15.236 3.013 -2.366 15.740 0.489 0.010 13.040 3.632
15.266 2.990 -2.249 11.623 0.475 0.010 13.066 3.646
15.296 2.968 -2.171 7.786 0.462 0.010 13.093 3.660
15.325 2.947 -2.129 4.254 0.449 0.010 13.119 3.673
15.354 2.926 -2.118 1.042 0.436 0.010 13.146 3.685
15.383 2.905 -2.137 -1.848 0.425 0.010 13.172 3.697
15.412 2.883 -2.181 -4.419 0.413 0.010 13.198 3.709
15.441 2.860 -2.248 -6.681 0.403 0.010 13.225 3.720
15.469 2.837 -2.334 -8.649 0.392 0.010 13.251 3.731
15.497 2.813 -2.438 -10.341 0.383 0.010 13.277 3.742
15.525 2.787 -2.556 -11.780 0.374 0.010 13.303 3.752
15.553 2.760 -2.686 -12.985 0.365 0.010 13.329 3.762
15.580 2.732 -2.825 -13.981 0.357 0.010 13.354 3.772
15.607 2.702 -2.973 -14.788 0.349 0.010 13.379 3.781
15.634 2.671 -3.128 -15.430 0.342 0.010 13.405 3.790
15.660 2.638 -3.287 -15.924 0.335 0.010 13.429 3.799
15.686 2.604 -3.450 -16.290 0.328 0.010 13.454 3.807
15.712 2.567 -3.615 -16.545 0.322 0.010 13.478 3.816
15.737 2.530 -3.782 -16.705 0.317 0.010 13.502 3.824
15.762 2.490 -3.950 -16.784 0.312 0.010 13.526 3.831
15.787 2.449 -4.118 -16.793 0.307 0.010 13.549 3.839
15.811 2.406 -4.285 -16.743 0.302 0.010 13.572 3.846
15.834 2.362 -4.452 -16.643 0.298 0.010 13.595 3.853
15.857 2.315 -4.617 -16.502 0.294 0.010 13.617 3.860
15.880 2.268 -4.780 -16.325 0.291 0.010 13.639 3.866
15.902 2.218 -4.941 -16.118 0.288 0.010 13.660 3.873
15.924 2.167 -5.100 -15.886 0.285 0.010 13.681 3.879
15.945 2.115 -5.256 -15.631 0.282 0.010 13.701 3.885
15.966 2.060 -5.410 -15.358 0.280 0.010 13.721 3.890
15.986 2.005 -5.561 -15.067 0.277 0.010 13.740 3.896
16.005 1.948 -5.708 -14.760 0.275 0.010 13.759 3.901
16.024 1.889 -5.853 -14.438 0.273 0.010 13.777 3.906
16.042 1.829 -5.994 -14.102 0.272 0.010 13.795 3.911
16.060 1.768 -6.131 -13.752 0.270 0.010 13.812 3.916
16.077 1.705 -6.265 -13.387 0.269 0.010 13.828 3.920
16.093 1.641 -6.395 -13.009 0.268 0.010 13.844 3.925
16.109 1.576 -6.521 -12.615 0.267 0.010 13.859 3.929
16.124 1.510 -6.643 -12.207 0.266 0.010 13.874 3.933
16.139 1.442 -6.761 -11.782 0.265 0.010 13.888 3.937
16.153 1.373 -6.875 -11.342 0.265 0.010 13.901 3.940
16.166 1.304 -6.983 -10.885 0.264 0.010 13.914 3.944
16.178 1.233 -7.088 -10.410 0.264 0.010 13.925 3.947
16.189 1.161 -7.187 -9.918 0.263 0.010 13.937 3.950
16.200 1.088 -7.281 -9.409 0.263 0.010 13.947 3.953
16.211 1.014 -7.370 -8.882 0.263 0.010 13.957 3.955
16.220 0.940 -7.453 -8.337 0.262 0.010 13.966 3.958
16.229 0.864 -7.531 -7.776 0.262 0.010 13.974 3.960
16.236 0.788 -7.603 -7.197 0.262 0.010 13.982 3.962
16.244 0.712 -7.669 -6.603 0.262 0.010 13.989 3.964
16.250 0.634 -7.729 -5.993 0.262 0.010 13.995 3.966
16.255 0.559 -7.542 18.672 0.262 0.010 14.000 3.967
16.260 0.488 -7.099 44.292 0.262 0.010 14.005 3.968
16.265 0.422 -6.640 45.928 0.262 0.010 14.009 3.969
16.268 0.360 -6.173 46.722 0.262 0.010 14.013 3.970
16.271 0.303 -5.698 47.409 0.262 0.010 14.016 3.971
16.274 0.251 -5.218 47.995 0.262 0.010 14.018 3.972
16.276 0.203 -4.734 48.487 0.262 0.010 14.020 3.972
16.277 0.161 -4.245 48.891 0.262 0.010 14.022 3.973
16.279 0.123 -3.753 49.217 0.262 0.010 14.023 3.973
16.280 0.091 -3.258 49.472 0.262 0.010 14.024 3.973
16.280 0.063 -2.761 49.665 0.262 0.010 14.024 3.974
16.281 0.041 -2.263 49.804 0.262 0.010 14.025 3.974
16.281 0.023 -1.764 49.898 0.262 0.010 14.025 3.974
16.281 0.010 -1.265 49.955 0.262 0.010 14.025 3.974
16.281 0.003 -0.765 49.985 0.262 0.010 14.025 3.974
16.281 0.000 -0.265 49.997 0.262 0.010 14.025 3.974
16.281 0.000 -0.007 25.738 0.262 0.010 14.025 3.974
