CenterLanePathClose
300
0.000 0.005 0.500 49.994 0.000 0.010 0.000 1.063
0.000 0.010 0.500 0.000 0.000 0.010 0.000 1.063
0.000 0.022 1.250 74.991 0.000 0.010 0.000 1.063
0.001 0.040 1.750 49.994 0.000 0.010 0.001 1.063
0.001 0.062 2.250 49.994 0.000 0.010 0.001 1.063
0.002 0.090 2.750 49.994 0.000 0.010 0.002 1.063
0.003 0.122 3.250 49.994 0.000 0.010 0.003 1.063
0.005 0.160 3.750 49.994 0.000 0.010 0.005 1.063
0.007 0.202 4.249 49.994 0.000 0.010 0.007 1.063
0.010 0.250 4.749 49.994 0.000 0.010 0.010 1.063
0.013 0.302 5.249 49.994 0.000 0.010 0.013 1.063
0.016 0.360 5.749 49.994 0.000 0.010 0.016 1.063
0.020 0.422 6.249 49.994 0.000 0.010 0.020 1.063
0.025 0.490 6.749 49.994 0.000 0.010 0.025 1.063
0.031 0.562 7.249 49.994 0.000 0.010 0.031 1.063
0.037 0.640 7.749 49.994 0.000 0.010 0.037 1.063
0.045 0.722 8.249 49.994 0.000 0.010 0.045 1.063
0.053 0.810 8.749 49.994 0.000 0.010 0.053 1.063
0.062 0.900 8.999 24.997 0.000 0.010 0.062 1.063
0.072 0.990 8.999 -0.000 0.000 0.010 0.072 1.063
0.082 1.080 8.999 -0.000 0.000 0.010 0.082 1.063
0.094 1.170 8.999 0.000 0.000 0.010 0.094 1.063
0.107 1.260 8.999 -0.000 0.000 0.010 0.107 1.063
0.120 1.350 8.999 0.000 0.000 0.010 0.120 1.063
0.135 1.440 8.999 -0.000 0.000 0.010 0.135 1.063
0.150 1.530 8.999 -0.000 0.000 0.010 0.150 1.063
0.166 1.620 8.999 -0.000 0.000 0.010 0.166 1.063
0.183 1.710 8.999 0.000 0.000 0.010 0.183 1.063
0.201 1.800 8.999 0.000 0.000 0.010 0.201 1.063
0.220 1.890 8.999 -0.000 0.000 0.010 0.220 1.063
0.240 1.980 8.999 0.000 0.000 0.010 0.240 1.063
0.261 2.070 8.999 0.000 0.000 0.010 0.261 1.063
0.282 2.160 8.999 0.000 0.000 0.010 0.282 1.063
0.305 2.250 8.999 -0.000 0.000 0.010 0.305 1.063
0.328 2.340 8.999 0.000 0.000 0.010 0.328 1.063
0.352 2.430 8.999 0.000 0.000 0.010 0.352 1.063
0.378 2.520 8.999 0.000 0.000 0.010 0.378 1.063
0.404 2.610 8.999 -0.000 0.000 0.010 0.404 1.063
0.431 2.700 8.999 0.000 0.000 0.010 0.431 1.063
0.459 2.790 8.999 -0.000 0.000 0.010 0.459 1.063
0.487 2.880 8.999 -0.000 0.000 0.010 0.487 1.063
0.517 2.970 8.999 -0.000 0.000 0.010 0.517 1.063
0.548 3.060 8.999 0.000 0.000 0.010 0.548 1.063
0.579 3.150 8.999 -0.000 0.000 0.010 0.579 1.063
0.612 3.240 8.999 -0.000 0.000 0.010 0.612 1.063
0.645 3.330 8.999 0.000 0.000 0.010 0.645 1.063
0.679 3.420 8.999 -0.000 0.000 0.010 0.679 1.063
0.714 3.510 8.999 0.000 0.000 0.010 0.714 1.063
0.750 3.600 8.999 -0.000 0.000 0.010 0.750 1.063
0.787 3.690 8.999 0.000 0.000 0.010 0.787 1.063
0.825 3.780 8.999 -0.000 0.000 0.010 0.825 1.063
0.864 3.870 8.999 -0.000 0.000 0.010 0.864 1.063
0.903 3.960 8.999 0.000 0.000 0.010 0.903 1.063
0.944 4.050 8.999 0.000 0.000 0.010 0.944 1.063
0.985 4.139 8.999 -0.000 0.000 0.010 0.985 1.063
1.027 4.229 8.999 0.000 0.000 0.010 1.027 1.063
1.070 4.319 8.999 -0.000 0.000 0.010 1.070 1.063
1.115 4.409 8.999 0.000 0.000 0.010 1.115 1.063
1.160 4.499 8.999 0.000 0.000 0.010 1.160 1.063
1.205 4.589 8.999 -0.000 0.000 0.010 1.205 1.063
1.252 4.679 8.999 -0.000 0.000 0.010 1.252 1.063
1.300 4.769 8.999 0.000 0.000 0.010 1.300 1.063
1.349 4.859 8.999 -0.000 0.000 0.010 1.349 1.063
1.398 4.949 8.999 0.000 0.000 0.010 1.398 1.063
1.448 5.039 8.999 0.000 0.000 0.010 1.448 1.063
1.500 5.129 8.999 -0.000 0.000 0.010 1.500 1.063
1.552 5.219 8.999 0.000 0.000 0.010 1.552 1.063
1.605 5.309 8.999 -0.000 0.000 0.010 1.605 1.063
1.659 5.399 8.999 0.000 0.000 0.010 1.659 1.063
1.714 5.489 8.999 -0.000 0.000 0.010 1.714 1.063
1.770 5.579 8.999 0.000 0.000 0.010 1.770 1.063
1.826 5.669 8.999 0.000 0.000 0.010 1.826 1.063
1.884 5.759 8.999 -0.000 0.000 0.010 1.884 1.063
1.942 5.849 8.999 0.000 0.000 0.010 1.942 1.063
2.002 5.939 8.999 -0.000 0.000 0.010 2.002 1.063
2.062 6.029 8.999 0.000 0.000 0.010 2.062 1.063
2.123 6.119 8.999 0.000 0.000 0.010 2.123 1.063
2.185 6.209 8.999 -0.000 0.000 0.010 2.185 1.063
2.248 6.299 8.999 0.000 0.000 0.010 2.248 1.063
2.312 6.389 8.999 0.000 0.000 0.010 2.312 1.063
2.377 6.479 8.999 0.000 0.000 0.010 2.377 1.063
2.443 6.569 8.999 -0.000 0.000 0.010 2.443 1.063
2.509 6.659 8.999 0.000 0.000 0.010 2.509 1.063
2.577 6.749 8.999 -0.000 0.000 0.010 2.577 1.063
2.645 6.839 8.999 0.000 0.000 0.010 2.645 1.063
2.715 6.929 8.999 0.000 0.000 0.010 2.715 1.063
2.785 7.019 8.999 -0.000 0.000 0.010 2.785 1.063
2.856 7.109 8.999 -0.000 0.000 0.010 2.856 1.063
2.928 7.199 8.999 0.000 0.000 0.010 2.928 1.063
3.001 7.289 8.999 -0.000 0.000 0.010 3.001 1.063
3.075 7.379 8.999 0.000 0.000 0.010 3.075 1.063
3.149 7.469 8.999 -0.000 0.000 0.010 3.149 1.063
3.225 7.559 8.999 0.000 0.000 0.010 3.225 1.063
3.301 7.649 8.999 0.000 0.000 0.010 3.301 1.063
3.379 7.739 8.999 -0.000 0.000 0.010 3.379 1.063
3.457 7.829 8.999 -0.000 0.000 0.010 3.457 1.063
3.536 7.919 8.999 -0.000 0.000 0.010 3.536 1.063
3.616 8.009 8.999 0.000 0.000 0.010 3.616 1.063
3.697 8.099 8.999 -0.000 0.000 0.010 3.697 1.063
3.779 8.189 8.999 0.000 0.000 0.010 3.779 1.063
3.862 8.279 8.999 -0.000 0.000 0.010 3.862 1.063
3.946 8.369 8.999 0.000 0.000 0.010 3.946 1.063
4.030 8.459 8.999 -0.000 0.000 0.010 4.030 1.063
4.116 8.549 8.999 0.000 0.000 0.010 4.116 1.063
4.202 8.639 8.999 -0.000 0.000 0.010 4.202 1.063
4.289 8.729 8.999 0.000 0.000 0.010 4.289 1.063
4.378 8.819 8.999 -0.000 0.000 0.010 4.378 1.063
4.467 8.909 8.999 0.000 0.000 0.010 4.467 1.063
4.557 8.999 8.999 0.000 0.000 0.010 4.557 1.063
4.648 9.089 8.999 -0.000 0.000 0.010 4.648 1.063
4.739 9.179 8.999 0.000 0.000 0.010 4.739 1.063
4.832 9.269 8.999 -0.000 0.000 0.010 4.832 1.063
4.926 9.359 8.999 0.000 0.000 0.010 4.926 1.063
5.020 9.449 8.999 0.000 0.000 0.010 5.020 1.063
5.116 9.539 8.999 -0.000 0.000 0.010 5.116 1.063
5.212 9.629 8.999 0.000 0.000 0.010 5.212 1.063
5.309 9.719 8.999 0.000 0.000 0.010 5.309 1.063
5.407 9.809 8.999 0.000 0.000 0.010 5.407 1.063
5.506 9.899 8.999 -0.000 0.000 0.010 5.506 1.063
5.606 9.989 8.999 0.000 0.000 0.010 5.606 1.063
5.707 10.079 8.999 -0.000 0.000 0.010 5.707 1.063
5.808 10.169 8.999 0.000 0.000 0.010 5.808 1.063
5.911 10.259 8.999 -0.000 0.000 0.010 5.911 1.063
6.014 10.349 8.999 0.000 0.000 0.010 6.014 1.063
6.119 10.439 8.999 0.000 0.000 0.010 6.119 1.063
6.224 10.529 8.999 0.000 0.000 0.010 6.224 1.063
6.330 10.619 8.999 -0.000 0.000 0.010 6.330 1.063
6.437 10.709 8.999 0.000 0.000 0.010 6.437 1.063
6.545 10.785 7.655 -134.342 0.000 0.010 6.545 1.063
6.653 10.750 -3.572 -1122.755 0.001 0.010 6.653 1.063
6.760 10.691 -5.858 -228.589 0.004 0.010 6.760 1.063
6.866 10.635 -5.631 22.745 0.008 0.010 6.866 1.064
6.972 10.578 -5.706 -7.507 0.014 0.010 6.972 1.065
7.077 10.517 -6.058 -35.220 0.020 0.010 7.077 1.066
7.182 10.453 -6.433 -37.496 0.029 0.010 7.181 1.069
7.285 10.384 -6.820 -38.739 0.038 0.010 7.285 1.072
7.388 10.312 -7.209 -38.838 0.049 0.010 7.388 1.077
7.491 10.237 -7.585 -37.676 0.061 0.010 7.490 1.082
7.592 10.157 -7.937 -35.141 0.074 0.010 7.592 1.089
7.693 10.075 -8.248 -31.127 0.089 0.010 7.692 1.098
7.793 9.990 -8.503 -25.549 0.105 0.010 7.792 1.107
7.892 9.903 -8.687 -18.360 0.122 0.010 7.890 1.118
7.990 9.815 -8.783 -9.560 0.140 0.010 7.987 1.131
8.088 9.727 -8.775 0.780 0.159 0.010 8.084 1.146
8.184 9.641 -8.650 12.503 0.180 0.010 8.179 1.162
8.279 9.557 -8.396 25.353 0.201 0.010 8.272 1.180
8.374 9.477 -8.007 38.962 0.224 0.010 8.365 1.200
8.468 9.402 -7.478 52.859 0.247 0.010 8.456 1.222
8.562 9.334 -6.813 66.475 0.271 0.010 8.547 1.246
8.654 9.274 -6.025 78.866 0.295 0.010 8.636 1.272
8.747 9.222 -5.125 90.003 0.320 0.010 8.724 1.300
8.838 9.181 -4.132 99.241 0.346 0.010 8.810 1.330
8.930 9.150 -3.078 105.409 0.371 0.010 8.896 1.362
9.021 9.130 -1.994 108.410 0.397 0.010 8.981 1.396
9.112 9.121 -0.914 108.015 0.422 0.010 9.064 1.432
9.204 9.122 0.128 104.195 0.447 0.010 9.147 1.471
9.295 9.133 1.099 97.131 0.472 0.010 9.229 1.511
9.386 9.153 1.971 87.191 0.496 0.010 9.310 1.554
9.478 9.180 2.720 74.890 0.519 0.010 9.390 1.598
9.570 9.214 3.329 60.836 0.542 0.010 9.470 1.645
9.663 9.251 3.785 45.678 0.564 0.010 9.548 1.694
9.756 9.292 4.086 30.047 0.585 0.010 9.626 1.744
9.849 9.335 4.231 14.515 0.605 0.010 9.704 1.797
9.943 9.377 4.227 -0.439 0.624 0.010 9.780 1.851
10.037 9.418 4.082 -14.442 0.642 0.010 9.856 1.906
10.132 9.456 3.810 -27.231 0.658 0.010 9.932 1.964
10.227 9.490 3.423 -38.649 0.674 0.010 10.006 2.022
10.322 9.519 2.940 -48.284 0.689 0.010 10.080 2.082
10.417 9.545 2.591 -34.971 0.702 0.010 10.153 2.143
10.513 9.569 2.396 -19.480 0.715 0.010 10.226 2.206
10.609 9.591 2.160 -23.573 0.726 0.010 10.298 2.269
10.705 9.610 1.894 -26.600 0.736 0.010 10.370 2.333
10.801 9.626 1.607 -28.718 0.746 0.010 10.441 2.398
10.898 9.639 1.306 -30.077 0.754 0.010 10.511 2.464
10.994 9.649 0.998 -30.817 0.761 0.010 10.581 2.530
11.091 9.656 0.688 -31.059 0.768 0.010 10.651 2.597
11.187 9.660 0.378 -30.914 0.773 0.010 10.720 2.664
11.284 9.660 0.074 -30.476 0.778 0.010 10.789 2.732
11.380 9.658 -0.225 -29.824 0.782 0.010 10.858 2.800
11.477 9.653 -0.515 -29.028 0.785 0.010 10.926 2.868
11.573 9.645 -0.796 -28.142 0.788 0.010 10.994 2.936
11.670 9.634 -1.068 -27.213 0.789 0.010 11.062 3.005
11.766 9.621 -1.331 -26.278 0.790 0.010 11.130 3.073
11.862 9.605 -1.585 -25.369 0.790 0.010 11.198 3.141
11.958 9.587 -1.830 -24.508 0.790 0.010 11.265 3.209
12.054 9.566 -2.067 -23.715 0.789 0.010 11.332 3.277
12.149 9.543 -2.297 -23.003 0.787 0.010 11.400 3.345
12.244 9.518 -2.521 -22.384 0.785 0.010 11.467 3.412
12.339 9.491 -2.740 -21.865 0.782 0.010 11.534 3.479
12.434 9.461 -2.954 -21.450 0.778 0.010 11.601 3.546
12.528 9.429 -3.166 -21.142 0.774 0.010 11.669 3.612
12.622 9.396 -3.375 -20.939 0.770 0.010 11.736 3.677
12.716 9.360 -3.583 -20.842 0.765 0.010 11.803 3.742
12.809 9.322 -3.792 -20.845 0.759 0.010 11.871 3.807
12.902 9.282 -4.001 -20.944 0.753 0.010 11.938 3.870
12.994 9.240 -4.213 -21.131 0.746 0.010 12.006 3.933
13.086 9.195 -4.427 -21.400 0.739 0.010 12.074 3.995
13.177 9.149 -4.644 -21.739 0.732 0.010 12.142 4.057
13.268 9.100 -4.865 -22.137 0.724 0.010 12.210 4.117
13.359 9.049 -5.091 -22.584 0.716 0.010 12.278 4.177
13.449 8.996 -5.322 -23.066 0.708 0.010 12.346 4.236
13.538 8.941 -5.557 -23.568 0.699 0.010 12.414 4.294
13.627 8.883 -5.798 -24.076 0.690 0.010 12.482 4.351
13.715 8.822 -6.044 -24.575 0.681 0.010 12.550 4.406
13.803 8.759 -6.294 -25.050 0.671 0.010 12.619 4.461
13.890 8.694 -6.549 -25.485 0.661 0.010 12.687 4.515
13.976 8.626 -6.808 -25.865 0.651 0.010 12.755 4.568
14.062 8.555 -7.070 -26.178 0.641 0.010 12.824 4.619
14.146 8.482 -7.334 -26.409 0.630 0.010 12.892 4.669
14.231 8.406 -7.599 -26.547 0.620 0.010 12.960 4.719
14.314 8.327 -7.865 -26.581 0.609 0.010 13.028 4.767
14.396 8.246 -8.130 -26.505 0.599 0.010 13.096 4.813
14.478 8.162 -8.393 -26.312 0.588 0.010 13.164 4.859
14.559 8.075 -8.653 -25.999 0.577 0.010 13.231 4.903
14.639 7.986 -8.909 -25.563 0.566 0.010 13.298 4.947
14.717 7.895 -9.159 -25.006 0.555 0.010 13.365 4.989
14.795 7.801 -9.402 -24.330 0.545 0.010 13.432 5.029
14.872 7.704 -9.638 -23.542 0.534 0.010 13.498 5.069
14.949 7.606 -9.864 -22.648 0.523 0.010 13.564 5.107
15.024 7.505 -10.081 -21.658 0.513 0.010 13.629 5.144
15.098 7.402 -10.287 -20.581 0.502 0.010 13.693 5.180
15.171 7.297 -10.481 -19.429 0.492 0.010 13.758 5.215
15.242 7.190 -10.663 -18.214 0.482 0.010 13.821 5.249
15.313 7.082 -10.833 -16.950 0.472 0.010 13.884 5.281
15.383 6.972 -10.989 -15.648 0.462 0.010 13.946 5.313
15.452 6.861 -11.132 -14.322 0.453 0.010 14.008 5.343
15.519 6.748 -11.262 -12.983 0.444 0.010 14.069 5.372
15.585 6.635 -11.378 -11.644 0.434 0.010 14.129 5.401
15.651 6.520 -11.482 -10.315 0.426 0.010 14.188 5.428
15.715 6.404 -11.572 -9.007 0.417 0.010 14.246 5.454
15.778 6.288 -11.649 -7.727 0.409 0.010 14.304 5.479
15.839 6.170 -11.714 -6.484 0.400 0.010 14.361 5.503
15.900 6.053 -11.767 -5.284 0.393 0.010 14.417 5.527
15.959 5.935 -11.808 -4.132 0.385 0.010 14.471 5.549
16.017 5.816 -11.838 -3.033 0.378 0.010 14.525 5.571
16.074 5.698 -11.858 -1.989 0.371 0.010 14.578 5.592
16.130 5.579 -11.868 -1.004 0.364 0.010 14.631 5.612
16.185 5.460 -11.869 -0.078 0.357 0.010 14.682 5.631
16.238 5.342 -11.861 0.788 0.351 0.010 14.732 5.650
16.290 5.223 -11.845 1.595 0.345 0.010 14.781 5.667
16.341 5.105 -11.822 2.343 0.339 0.010 14.829 5.685
16.391 4.987 -11.791 3.032 0.334 0.010 14.876 5.701
16.440 4.870 -11.755 3.666 0.329 0.010 14.922 5.717
16.487 4.752 -11.712 4.246 0.324 0.010 14.967 5.732
16.534 4.636 -11.665 4.774 0.319 0.010 15.011 5.747
16.579 4.520 -11.612 5.252 0.315 0.010 15.054 5.761
16.623 4.404 -11.555 5.683 0.310 0.010 15.096 5.774
16.666 4.289 -11.495 6.069 0.307 0.010 15.137 5.787
16.708 4.175 -11.430 6.413 0.303 0.010 15.177 5.800
16.748 4.061 -11.363 6.717 0.299 0.010 15.215 5.812
16.788 3.948 -11.293 6.983 0.296 0.010 15.253 5.824
16.826 3.836 -11.221 7.214 0.293 0.010 15.290 5.835
16.863 3.725 -11.147 7.411 0.290 0.010 15.325 5.845
16.900 3.614 -11.071 7.577 0.287 0.010 15.360 5.856
16.935 3.504 -10.994 7.713 0.285 0.010 15.394 5.866
16.969 3.395 -10.916 7.821 0.282 0.010 15.426 5.875
17.001 3.286 -10.837 7.902 0.280 0.010 15.458 5.884
17.033 3.179 -10.757 7.958 0.278 0.010 15.488 5.893
17.064 3.072 -10.678 7.991 0.277 0.010 15.518 5.901
17.094 2.966 -10.598 8.000 0.275 0.010 15.547 5.909
17.122 2.861 -10.518 7.987 0.273 0.010 15.574 5.917
17.150 2.757 -10.438 7.954 0.272 0.010 15.601 5.925
17.176 2.653 -10.359 7.900 0.271 0.010 15.626 5.932
17.202 2.550 -10.281 7.827 0.270 0.010 15.651 5.939
17.226 2.448 -10.204 7.734 0.268 0.010 15.674 5.945
17.250 2.347 -10.127 7.624 0.268 0.010 15.697 5.951
17.272 2.246 -10.052 7.495 0.267 0.010 15.719 5.957
17.294 2.147 -9.979 7.350 0.266 0.010 15.739 5.963
17.314 2.047 -9.907 7.187 0.265 0.010 15.759 5.968
17.334 1.949 -9.837 7.008 0.265 0.010 15.778 5.973
17.352 1.851 -9.769 6.813 0.264 0.010 15.796 5.978
17.370 1.754 -9.703 6.602 0.264 0.010 15.813 5.983
17.386 1.658 -9.639 6.376 0.263 0.010 15.829 5.987
17.402 1.562 -9.578 6.135 0.263 0.010 15.844 5.991
17.417 1.467 -9.519 5.880 0.263 0.010 15.858 5.995
17.430 1.372 -9.463 5.611 0.263 0.010 15.871 5.998
17.443 1.278 -9.409 5.329 0.262 0.010 15.884 6.002
17.455 1.185 -9.359 5.035 0.262 0.010 15.895 6.005
17.466 1.092 -9.312 4.728 0.262 0.010 15.906 6.008
17.476 0.999 -9.268 4.410 0.262 0.010 15.915 6.010
17.485 0.907 -9.227 4.082 0.262 0.010 15.924 6.013
17.493 0.815 -9.185 4.147 0.262 0.010 15.932 6.015
17.500 0.726 -8.896 28.944 0.262 0.010 15.939 6.017
17.507 0.642 -8.364 53.204 0.262 0.010 15.945 6.018
17.512 0.564 -7.837 52.685 0.262 0.010 15.951 6.020
17.517 0.491 -7.315 52.222 0.262 0.010 15.955 6.021
17.521 0.423 -6.797 51.813 0.262 0.010 15.959 6.022
17.525 0.360 -6.282 51.456 0.262 0.010 15.963 6.023
17.528 0.302 -5.771 51.148 0.262 0.010 15.966 6.024
17.531 0.250 -5.262 50.886 0.262 0.010 15.968 6.024
17.533 0.202 -4.755 50.666 0.262 0.010 15.970 6.025
17.534 0.159 -4.250 50.485 0.262 0.010 15.972 6.025
17.535 0.122 -3.747 50.340 0.262 0.010 15.973 6.026
17.536 0.090 -3.245 50.227 0.262 0.010 15.974 6.026
17.537 0.062 -2.743 50.141 0.262 0.010 15.974 6.026
17.537 0.040 -2.242 50.080 0.262 0.010 15.975 6.026
17.538 0.022 -1.742 50.038 0.262 0.010 15.975 6.026
17.538 0.010 -1.242 50.013 0.262 0.010 15.975 6.026
17.538 0.002 -0.742 50.000 0.262 0.010 15.975 6.026
17.538 0.000 -0.246 49.594 0.262 0.010 15.975 6.026
0.000 0.005 0.500 49.994 0.000 0.010 0.000 -1.063
0.000 0.010 0.500 0.000 0.000 0.010 0.000 -1.063
0.000 0.022 1.250 74.991 0.000 0.010 0.000 -1.063
0.001 0.040 1.750 49.994 0.000 0.010 0.001 -1.063
0.001 0.062 2.250 49.994 0.000 0.010 0.001 -1.063
0.002 0.090 2.750 49.994 0.000 0.010 0.002 -1.063
0.003 0.122 3.250 49.994 0.000 0.010 0.003 -1.063
0.005 0.160 3.750 49.994 0.000 0.010 0.005 -1.063
0.007 0.202 4.249 49.994 0.000 0.010 0.007 -1.063
0.010 0.250 4.749 49.994 0.000 0.010 0.010 -1.063
0.013 0.302 5.249 49.994 0.000 0.010 0.013 -1.063
0.016 0.360 5.749 49.994 0.000 0.010 0.016 -1.063
0.020 0.422 6.249 49.994 0.000 0.010 0.020 -1.063
0.025 0.490 6.749 49.994 0.000 0.010 0.025 -1.063
0.031 0.562 7.249 49.994 0.000 0.010 0.031 -1.063
0.037 0.640 7.749 49.994 0.000 0.010 0.037 -1.063
0.045 0.722 8.249 49.994 0.000 0.010 0.045 -1.063
0.053 0.810 8.749 49.994 0.000 0.010 0.053 -1.063
0.062 0.900 8.999 24.997 0.000 0.010 0.062 -1.063
0.072 0.990 8.999 -0.000 0.000 0.010 0.072 -1.063
0.082 1.080 8.999 -0.000 0.000 0.010 0.082 -1.063
0.094 1.170 8.999 0.000 0.000 0.010 0.094 -1.063
0.107 1.260 8.999 -0.000 0.000 0.010 0.107 -1.063
0.120 1.350 8.999 0.000 0.000 0.010 0.120 -1.063
0.135 1.440 8.999 -0.000 0.000 0.010 0.135 -1.063
0.150 1.530 8.999 -0.000 0.000 0.010 0.150 -1.063
0.166 1.620 8.999 -0.000 0.000 0.010 0.166 -1.063
0.183 1.710 8.999 0.000 0.000 0.010 0.183 -1.063
0.201 1.800 8.999 0.000 0.000 0.010 0.201 -1.063
0.220 1.890 8.999 -0.000 0.000 0.010 0.220 -1.063
0.240 1.980 8.999 0.000 0.000 0.010 0.240 -1.063
0.261 2.070 8.999 0.000 0.000 0.010 0.261 -1.063
0.282 2.160 8.999 0.000 0.000 0.010 0.282 -1.063
0.305 2.250 8.999 -0.000 0.000 0.010 0.305 -1.063
0.328 2.340 8.999 0.000 0.000 0.010 0.328 -1.063
0.352 2.430 8.999 0.000 0.000 0.010 0.352 -1.063
0.378 2.520 8.999 0.000 0.000 0.010 0.378 -1.063
0.404 2.610 8.999 -0.000 0.000 0.010 0.404 -1.063
0.431 2.700 8.999 0.000 0.000 0.010 0.431 -1.063
0.459 2.790 8.999 -0.000 0.000 0.010 0.459 -1.063
0.487 2.880 8.999 -0.000 0.000 0.010 0.487 -1.063
0.517 2.970 8.999 -0.000 0.000 0.010 0.517 -1.063
0.548 3.060 8.999 0.000 0.000 0.010 0.548 -1.063
0.579 3.150 8.999 -0.000 0.000 0.010 0.579 -1.063
0.612 3.240 8.999 -0.000 0.000 0.010 0.612 -1.063
0.645 3.330 8.999 0.000 0.000 0.010 0.645 -1.063
0.679 3.420 8.999 -0.000 0.000 0.010 0.679 -1.063
0.714 3.510 8.999 0.000 0.000 0.010 0.714 -1.063
0.750 3.600 8.999 -0.000 0.000 0.010 0.750 -1.063
0.787 3.690 8.999 0.000 0.000 0.010 0.787 -1.063
0.825 3.780 8.999 -0.000 0.000 0.010 0.825 -1.063
0.864 3.870 8.999 -0.000 0.000 0.010 0.864 -1.063
0.903 3.960 8.999 0.000 0.000 0.010 0.903 -1.063
0.944 4.050 8.999 0.000 0.000 0.010 0.944 -1.063
0.985 4.139 8.999 -0.000 0.000 0.010 0.985 -1.063
1.027 4.229 8.999 0.000 0.000 0.010 1.027 -1.063
1.070 4.319 8.999 -0.000 0.000 0.010 1.070 -1.063
1.115 4.409 8.999 0.000 0.000 0.010 1.115 -1.063
1.160 4.499 8.999 0.000 0.000 0.010 1.160 -1.063
1.205 4.589 8.999 -0.000 0.000 0.010 1.205 -1.063
1.252 4.679 8.999 -0.000 0.000 0.010 1.252 -1.063
1.300 4.769 8.999 0.000 0.000 0.010 1.300 -1.063
1.349 4.859 8.999 -0.000 0.000 0.010 1.349 -1.063
1.398 4.949 8.999 0.000 0.000 0.010 1.398 -1.063
1.448 5.039 8.999 0.000 0.000 0.010 1.448 -1.063
1.500 5.129 8.999 -0.000 0.000 0.010 1.500 -1.063
1.552 5.219 8.999 0.000 0.000 0.010 1.552 -1.063
1.605 5.309 8.999 -0.000 0.000 0.010 1.605 -1.063
1.659 5.399 8.999 0.000 0.000 0.010 1.659 -1.063
1.714 5.489 8.999 -0.000 0.000 0.010 1.714 -1.063
1.770 5.579 8.999 0.000 0.000 0.010 1.770 -1.063
1.826 5.669 8.999 0.000 0.000 0.010 1.826 -1.063
1.884 5.759 8.999 -0.000 0.000 0.010 1.884 -1.063
1.942 5.849 8.999 0.000 0.000 0.010 1.942 -1.063
2.002 5.939 8.999 -0.000 0.000 0.010 2.002 -1.063
2.062 6.029 8.999 0.000 0.000 0.010 2.062 -1.063
2.123 6.119 8.999 0.000 0.000 0.010 2.123 -1.063
2.185 6.209 8.999 -0.000 0.000 0.010 2.185 -1.063
2.248 6.299 8.999 0.000 0.000 0.010 2.248 -1.063
2.312 6.389 8.999 0.000 0.000 0.010 2.312 -1.063
2.377 6.479 8.999 0.000 0.000 0.010 2.377 -1.063
2.443 6.569 8.999 -0.000 0.000 0.010 2.443 -1.063
2.509 6.659 8.999 0.000 0.000 0.010 2.509 -1.063
2.577 6.749 8.999 -0.000 0.000 0.010 2.577 -1.063
2.645 6.839 8.999 0.000 0.000 0.010 2.645 -1.063
2.715 6.929 8.999 0.000 0.000 0.010 2.715 -1.063
2.785 7.019 8.999 -0.000 0.000 0.010 2.785 -1.063
2.856 7.109 8.999 -0.000 0.000 0.010 2.856 -1.063
2.928 7.199 8.999 0.000 0.000 0.010 2.928 -1.063
3.001 7.289 8.999 -0.000 0.000 0.010 3.001 -1.063
3.075 7.379 8.999 0.000 0.000 0.010 3.075 -1.063
3.149 7.469 8.999 -0.000 0.000 0.010 3.149 -1.063
3.225 7.559 8.999 0.000 0.000 0.010 3.225 -1.063
3.301 7.649 8.999 0.000 0.000 0.010 3.301 -1.063
3.379 7.739 8.999 -0.000 0.000 0.010 3.379 -1.063
3.457 7.829 8.999 -0.000 0.000 0.010 3.457 -1.063
3.536 7.919 8.999 -0.000 0.000 0.010 3.536 -1.063
3.616 8.009 8.999 0.000 0.000 0.010 3.616 -1.063
3.697 8.099 8.999 -0.000 0.000 0.010 3.697 -1.063
3.779 8.189 8.999 0.000 0.000 0.010 3.779 -1.063
3.862 8.279 8.999 -0.000 0.000 0.010 3.862 -1.063
3.946 8.369 8.999 0.000 0.000 0.010 3.946 -1.063
4.030 8.459 8.999 -0.000 0.000 0.010 4.030 -1.063
4.116 8.549 8.999 0.000 0.000 0.010 4.116 -1.063
4.202 8.639 8.999 -0.000 0.000 0.010 4.202 -1.063
4.289 8.729 8.999 0.000 0.000 0.010 4.289 -1.063
4.378 8.819 8.999 -0.000 0.000 0.010 4.378 -1.063
4.467 8.909 8.999 0.000 0.000 0.010 4.467 -1.063
4.557 8.999 8.999 0.000 0.000 0.010 4.557 -1.063
4.648 9.089 8.999 -0.000 0.000 0.010 4.648 -1.063
4.739 9.179 8.999 0.000 0.000 0.010 4.739 -1.063
4.832 9.269 8.999 -0.000 0.000 0.010 4.832 -1.063
4.926 9.359 8.999 0.000 0.000 0.010 4.926 -1.063
5.020 9.449 8.999 0.000 0.000 0.010 5.020 -1.063
5.116 9.539 8.999 -0.000 0.000 0.010 5.116 -1.063
5.212 9.629 8.999 0.000 0.000 0.010 5.212 -1.063
5.309 9.719 8.999 0.000 0.000 0.010 5.309 -1.063
5.407 9.809 8.999 0.000 0.000 0.010 5.407 -1.063
5.506 9.899 8.999 -0.000 0.000 0.010 5.506 -1.063
5.606 9.989 8.999 0.000 0.000 0.010 5.606 -1.063
5.707 10.079 8.999 -0.000 0.000 0.010 5.707 -1.063
5.808 10.169 8.999 0.000 0.000 0.010 5.808 -1.063
5.911 10.259 8.999 -0.000 0.000 0.010 5.911 -1.063
6.014 10.349 8.999 0.000 0.000 0.010 6.014 -1.063
6.119 10.439 8.999 0.000 0.000 0.010 6.119 -1.063
6.224 10.529 8.999 0.000 0.000 0.010 6.224 -1.063
6.330 10.619 8.999 -0.000 0.000 0.010 6.330 -1.063
6.437 10.709 8.999 0.000 0.000 0.010 6.437 -1.063
6.546 10.812 10.342 134.342 0.000 0.010 6.546 -1.062
6.656 11.028 21.570 1122.740 0.001 0.010 6.656 -1.062
6.769 11.266 23.855 228.554 0.004 0.010 6.769 -1.062
6.884 11.503 23.627 -22.780 0.008 0.010 6.884 -1.061
7.001 11.735 23.202 -42.521 0.014 0.010 7.001 -1.060
7.120 11.960 22.554 -64.802 0.020 0.010 7.120 -1.058
7.242 12.180 21.929 -62.526 0.029 0.010 7.242 -1.055
7.366 12.393 21.316 -61.283 0.038 0.010 7.366 -1.051
7.492 12.600 20.704 -61.184 0.049 0.010 7.492 -1.046
7.620 12.801 20.081 -62.344 0.061 0.010 7.620 -1.039
7.750 12.995 19.432 -64.878 0.074 0.010 7.749 -1.030
7.882 13.182 18.743 -68.891 0.089 0.010 7.881 -1.019
8.016 13.362 17.999 -74.464 0.105 0.010 8.014 -1.006
8.151 13.534 17.182 -81.650 0.122 0.010 8.148 -0.991
8.288 13.697 16.278 -90.444 0.140 0.010 8.284 -0.973
8.426 13.850 15.270 -100.778 0.159 0.010 8.421 -0.952
8.566 13.991 14.145 -112.493 0.180 0.010 8.559 -0.929
8.708 14.120 12.892 -125.333 0.201 0.010 8.698 -0.902
8.850 14.235 11.502 -138.932 0.224 0.010 8.837 -0.872
8.993 14.335 9.974 -152.817 0.247 0.010 8.976 -0.839
9.137 14.418 8.310 -166.423 0.271 0.010 9.115 -0.802
9.282 14.483 6.514 -179.604 0.295 0.010 9.255 -0.761
9.428 14.529 4.606 -190.732 0.320 0.010 9.393 -0.717
9.573 14.555 2.615 -199.160 0.346 0.010 9.531 -0.670
9.719 14.561 0.562 -205.322 0.371 0.010 9.667 -0.618
9.864 14.546 -1.522 -208.321 0.397 0.010 9.802 -0.564
10.009 14.510 -3.601 -207.926 0.422 0.010 9.935 -0.506
10.154 14.453 -5.642 -204.109 0.447 0.010 10.066 -0.445
10.298 14.377 -7.612 -197.051 0.472 0.010 10.195 -0.382
10.440 14.282 -9.484 -187.120 0.496 0.010 10.321 -0.315
10.582 14.170 -11.232 -174.829 0.519 0.010 10.445 -0.246
10.722 14.041 -12.840 -160.786 0.542 0.010 10.566 -0.175
10.861 13.898 -14.296 -145.640 0.564 0.010 10.684 -0.102
10.999 13.742 -15.596 -130.020 0.585 0.010 10.800 -0.027
11.135 13.575 -16.741 -114.498 0.605 0.010 10.912 0.049
11.269 13.398 -17.737 -99.553 0.624 0.010 11.022 0.126
11.401 13.212 -18.592 -85.558 0.642 0.010 11.128 0.204
11.531 13.019 -19.320 -72.775 0.658 0.010 11.232 0.283
11.659 12.819 -19.934 -61.362 0.674 0.010 11.333 0.362
11.785 12.615 -20.443 -50.928 0.689 0.010 11.431 0.441
11.909 12.409 -20.586 -14.251 0.702 0.010 11.526 0.521
12.031 12.205 -20.391 19.449 0.715 0.010 11.619 0.600
12.151 12.003 -20.156 23.544 0.726 0.010 11.709 0.680
12.269 11.805 -19.890 26.572 0.736 0.010 11.797 0.758
12.386 11.609 -19.603 28.692 0.746 0.010 11.882 0.837
12.500 11.416 -19.303 30.053 0.754 0.010 11.966 0.915
12.612 11.226 -18.995 30.794 0.761 0.010 12.047 0.992
12.722 11.039 -18.684 31.038 0.768 0.010 12.127 1.068
12.831 10.855 -18.375 30.895 0.773 0.010 12.205 1.144
12.938 10.674 -18.071 30.459 0.778 0.010 12.281 1.219
13.043 10.497 -17.773 29.809 0.782 0.010 12.356 1.292
13.146 10.322 -17.482 29.014 0.785 0.010 12.429 1.365
13.247 10.150 -17.201 28.129 0.788 0.010 12.500 1.437
13.347 9.980 -16.929 27.202 0.789 0.010 12.571 1.508
13.445 9.814 -16.666 26.268 0.790 0.010 12.640 1.578
13.542 9.650 -16.413 25.360 0.790 0.010 12.708 1.646
13.637 9.488 -16.168 24.500 0.790 0.010 12.775 1.714
13.730 9.329 -15.931 23.708 0.789 0.010 12.840 1.780
13.822 9.172 -15.701 22.998 0.787 0.010 12.905 1.845
13.912 9.017 -15.477 22.379 0.785 0.010 12.969 1.909
14.000 8.864 -15.258 21.861 0.782 0.010 13.031 1.971
14.088 8.714 -15.044 21.446 0.778 0.010 13.093 2.032
14.173 8.566 -14.833 21.138 0.774 0.010 13.154 2.093
14.257 8.419 -14.623 20.937 0.770 0.010 13.215 2.151
14.340 8.275 -14.415 20.840 0.765 0.010 13.274 2.209
14.422 8.133 -14.206 20.844 0.759 0.010 13.333 2.265
14.501 7.993 -13.997 20.943 0.753 0.010 13.391 2.320
14.580 7.855 -13.786 21.131 0.746 0.010 13.449 2.373
14.657 7.720 -13.572 21.399 0.739 0.010 13.506 2.425
14.733 7.586 -13.354 21.739 0.732 0.010 13.562 2.476
14.808 7.455 -13.133 22.138 0.724 0.010 13.618 2.526
14.881 7.326 -12.907 22.585 0.716 0.010 13.673 2.574
14.953 7.199 -12.676 23.067 0.708 0.010 13.727 2.621
15.024 7.074 -12.441 23.570 0.699 0.010 13.781 2.667
15.093 6.952 -12.200 24.078 0.690 0.010 13.835 2.712
15.161 6.833 -11.954 24.577 0.681 0.010 13.887 2.755
15.229 6.716 -11.704 25.052 0.671 0.010 13.940 2.797
15.295 6.601 -11.449 25.488 0.661 0.010 13.992 2.838
15.360 6.489 -11.190 25.868 0.651 0.010 14.043 2.877
15.423 6.380 -10.928 26.181 0.641 0.010 14.094 2.916
15.486 6.274 -10.664 26.412 0.630 0.010 14.145 2.953
15.548 6.170 -10.399 26.550 0.620 0.010 14.195 2.989
15.608 6.068 -10.133 26.585 0.609 0.010 14.244 3.024
15.668 5.970 -9.868 26.509 0.599 0.010 14.293 3.058
15.727 5.874 -9.604 26.316 0.588 0.010 14.342 3.091
15.785 5.780 -9.344 26.002 0.577 0.010 14.390 3.122
15.842 5.689 -9.089 25.566 0.566 0.010 14.438 3.153
15.898 5.601 -8.839 25.008 0.555 0.010 14.486 3.183
15.953 5.515 -8.595 24.333 0.545 0.010 14.533 3.212
16.007 5.431 -8.360 23.545 0.534 0.010 14.579 3.240
16.061 5.350 -8.133 22.651 0.523 0.010 14.625 3.267
16.113 5.271 -7.917 21.660 0.513 0.010 14.671 3.293
16.165 5.194 -7.711 20.583 0.502 0.010 14.717 3.318
16.216 5.118 -7.517 19.430 0.492 0.010 14.762 3.342
16.267 5.045 -7.335 18.216 0.482 0.010 14.806 3.366
16.317 4.973 -7.165 16.951 0.472 0.010 14.850 3.389
16.366 4.903 -7.009 15.649 0.462 0.010 14.894 3.411
16.414 4.835 -6.865 14.322 0.453 0.010 14.938 3.432
16.462 4.767 -6.736 12.983 0.444 0.010 14.980 3.453
16.509 4.701 -6.619 11.644 0.434 0.010 15.023 3.473
16.555 4.636 -6.516 10.315 0.426 0.010 15.065 3.492
16.601 4.572 -6.426 9.006 0.417 0.010 15.107 3.511
16.646 4.508 -6.349 7.726 0.409 0.010 15.148 3.529
16.690 4.445 -6.284 6.483 0.400 0.010 15.189 3.547
16.734 4.383 -6.231 5.283 0.393 0.010 15.229 3.563
16.777 4.321 -6.190 4.131 0.385 0.010 15.269 3.580
16.820 4.260 -6.159 3.032 0.378 0.010 15.309 3.596
16.862 4.198 -6.139 1.988 0.371 0.010 15.348 3.611
16.903 4.137 -6.129 1.003 0.364 0.010 15.387 3.626
16.944 4.076 -6.129 0.077 0.357 0.010 15.425 3.640
16.984 4.014 -6.137 -0.790 0.351 0.010 15.462 3.654
17.024 3.953 -6.152 -1.596 0.345 0.010 15.500 3.668
17.063 3.891 -6.176 -2.344 0.339 0.010 15.536 3.681
17.101 3.829 -6.206 -3.034 0.334 0.010 15.572 3.693
17.138 3.767 -6.243 -3.667 0.329 0.010 15.608 3.706
17.176 3.704 -6.285 -4.247 0.324 0.010 15.643 3.718
17.212 3.640 -6.333 -4.775 0.319 0.010 15.678 3.729
17.248 3.576 -6.386 -5.253 0.315 0.010 15.712 3.740
17.283 3.512 -6.443 -5.684 0.310 0.010 15.745 3.751
17.317 3.447 -6.503 -6.070 0.307 0.010 15.778 3.761
17.351 3.381 -6.567 -6.414 0.303 0.010 15.810 3.772
17.384 3.315 -6.635 -6.718 0.299 0.010 15.842 3.781
17.417 3.248 -6.704 -6.984 0.296 0.010 15.873 3.791
17.449 3.180 -6.777 -7.214 0.293 0.010 15.903 3.800
17.480 3.112 -6.851 -7.412 0.290 0.010 15.933 3.809
17.510 3.042 -6.926 -7.577 0.287 0.010 15.962 3.818
17.540 2.972 -7.004 -7.713 0.285 0.010 15.991 3.826
17.569 2.902 -7.082 -7.821 0.282 0.010 16.019 3.834
17.597 2.830 -7.161 -7.902 0.280 0.010 16.046 3.842
17.625 2.758 -7.240 -7.959 0.278 0.010 16.072 3.850
17.652 2.684 -7.320 -7.991 0.277 0.010 16.098 3.857
17.678 2.610 -7.400 -8.000 0.275 0.010 16.123 3.864
17.703 2.536 -7.480 -7.988 0.273 0.010 16.148 3.871
17.728 2.460 -7.560 -7.954 0.272 0.010 16.171 3.878
17.751 2.384 -7.639 -7.900 0.271 0.010 16.194 3.884
17.774 2.306 -7.717 -7.827 0.270 0.010 16.217 3.890
17.797 2.228 -7.794 -7.735 0.268 0.010 16.238 3.896
17.818 2.150 -7.871 -7.624 0.268 0.010 16.259 3.902
17.839 2.070 -7.946 -7.496 0.267 0.010 16.279 3.907
17.859 1.990 -8.019 -7.350 0.266 0.010 16.298 3.913
17.878 1.909 -8.091 -7.187 0.265 0.010 16.316 3.918
17.896 1.828 -8.161 -7.008 0.265 0.010 16.334 3.922
17.914 1.745 -8.229 -6.813 0.264 0.010 16.351 3.927
17.930 1.662 -8.295 -6.602 0.264 0.010 16.367 3.931
17.946 1.579 -8.359 -6.376 0.263 0.010 16.382 3.935
17.961 1.495 -8.420 -6.135 0.263 0.010 16.397 3.939
17.975 1.410 -8.479 -5.880 0.263 0.010 16.410 3.943
17.988 1.324 -8.535 -5.611 0.263 0.010 16.423 3.946
18.001 1.239 -8.588 -5.329 0.262 0.010 16.435 3.950
18.012 1.152 -8.639 -5.035 0.262 0.010 16.446 3.953
18.023 1.065 -8.686 -4.728 0.262 0.010 16.456 3.955
18.033 0.978 -8.730 -4.410 0.262 0.010 16.466 3.958
18.042 0.890 -8.771 -4.082 0.262 0.010 16.474 3.960
18.050 0.802 -8.804 -3.345 0.262 0.010 16.482 3.962
18.057 0.716 -8.586 21.852 0.262 0.010 16.489 3.964
18.063 0.635 -8.118 46.784 0.262 0.010 16.495 3.966
18.069 0.559 -7.645 47.303 0.262 0.010 16.501 3.967
18.074 0.487 -7.167 47.766 0.262 0.010 16.505 3.968
18.078 0.420 -6.686 48.174 0.262 0.010 16.509 3.970
18.081 0.358 -6.200 48.531 0.262 0.010 16.513 3.970
18.084 0.301 -5.712 48.840 0.262 0.010 16.516 3.971
18.087 0.249 -5.221 49.102 0.262 0.010 16.518 3.972
18.089 0.202 -4.728 49.322 0.262 0.010 16.520 3.972
18.091 0.159 -4.233 49.503 0.262 0.010 16.522 3.973
18.092 0.122 -3.736 49.648 0.262 0.010 16.523 3.973
18.093 0.090 -3.239 49.761 0.262 0.010 16.524 3.973
18.093 0.062 -2.740 49.847 0.262 0.010 16.524 3.974
18.094 0.040 -2.241 49.908 0.262 0.010 16.525 3.974
18.094 0.022 -1.742 49.949 0.262 0.010 16.525 3.974
18.094 0.010 -1.242 49.975 0.262 0.010 16.525 3.974
18.094 0.002 -0.742 49.988 0.262 0.010 16.525 3.974
18.094 0.000 -0.246 49.592 0.262 0.010 16.525 3.974
