CenterLanePath
304
0.000 0.005 0.500 50.000 0.000 0.010 0.000 1.063
0.000 0.010 0.500 -0.000 0.000 0.010 0.000 1.063
0.000 0.023 1.250 75.000 0.000 0.010 0.000 1.063
0.001 0.040 1.750 50.000 0.000 0.010 0.001 1.063
0.001 0.062 2.250 50.000 0.000 0.010 0.001 1.063
0.002 0.090 2.750 50.000 0.000 0.010 0.002 1.063
0.003 0.122 3.250 50.000 0.000 0.010 0.003 1.063
0.005 0.160 3.750 50.000 0.000 0.010 0.005 1.063
0.007 0.202 4.250 50.000 0.000 0.010 0.007 1.063
0.010 0.250 4.750 50.000 0.000 0.010 0.010 1.063
0.013 0.302 5.250 50.000 0.000 0.010 0.013 1.063
0.016 0.360 5.750 50.000 0.000 0.010 0.016 1.063
0.020 0.422 6.250 50.000 0.000 0.010 0.020 1.063
0.025 0.490 6.750 50.000 0.000 0.010 0.025 1.063
0.031 0.563 7.250 50.000 0.000 0.010 0.031 1.063
0.037 0.640 7.750 50.000 0.000 0.010 0.037 1.063
0.045 0.720 8.000 25.000 0.000 0.010 0.045 1.063
0.053 0.800 8.000 0.000 0.000 0.010 0.053 1.063
0.061 0.880 8.000 0.000 0.000 0.010 0.061 1.063
0.071 0.960 8.000 -0.000 0.000 0.010 0.071 1.063
0.081 1.040 8.000 0.000 0.000 0.010 0.081 1.063
0.093 1.120 8.000 0.000 0.000 0.010 0.093 1.063
0.105 1.200 8.000 -0.000 0.000 0.010 0.105 1.063
0.117 1.280 8.000 0.000 0.000 0.010 0.117 1.063
0.131 1.360 8.000 -0.000 0.000 0.010 0.131 1.063
0.145 1.440 8.000 0.000 0.000 0.010 0.145 1.063
0.161 1.520 8.000 0.000 0.000 0.010 0.161 1.063
0.177 1.600 8.000 0.000 0.000 0.010 0.177 1.063
0.193 1.680 8.000 0.000 0.000 0.010 0.193 1.063
0.211 1.760 8.000 -0.000 0.000 0.010 0.211 1.063
0.229 1.840 8.000 -0.000 0.000 0.010 0.229 1.063
0.249 1.920 8.000 0.000 0.000 0.010 0.249 1.063
0.269 2.000 8.000 -0.000 0.000 0.010 0.269 1.063
0.289 2.080 8.000 0.000 0.000 0.010 0.289 1.063
0.311 2.160 8.000 -0.000 0.000 0.010 0.311 1.063
0.333 2.240 8.000 0.000 0.000 0.010 0.333 1.063
0.357 2.320 8.000 -0.000 0.000 0.010 0.357 1.063
0.381 2.400 8.000 -0.000 0.000 0.010 0.381 1.063
0.405 2.480 8.000 0.000 0.000 0.010 0.405 1.063
0.431 2.560 8.000 0.000 0.000 0.010 0.431 1.063
0.457 2.640 8.000 -0.000 0.000 0.010 0.457 1.063
0.485 2.720 8.000 -0.000 0.000 0.010 0.485 1.063
0.513 2.800 8.000 -0.000 0.000 0.010 0.513 1.063
0.541 2.880 8.000 0.000 0.000 0.010 0.541 1.063
0.571 2.960 8.000 -0.000 0.000 0.010 0.571 1.063
0.601 3.040 8.000 0.000 0.000 0.010 0.601 1.063
0.633 3.120 8.000 -0.000 0.000 0.010 0.633 1.063
0.665 3.200 8.000 0.000 0.000 0.010 0.665 1.063
0.697 3.280 8.000 0.000 0.000 0.010 0.697 1.063
0.731 3.360 8.000 -0.000 0.000 0.010 0.731 1.063
0.765 3.440 8.000 0.000 0.000 0.010 0.765 1.063
0.801 3.520 8.000 -0.000 0.000 0.010 0.801 1.063
0.837 3.600 8.000 -0.000 0.000 0.010 0.837 1.063
0.873 3.680 8.000 0.000 0.000 0.010 0.873 1.063
0.911 3.760 8.000 0.000 0.000 0.010 0.911 1.063
0.949 3.840 8.000 0.000 0.000 0.010 0.949 1.063
0.989 3.920 8.000 0.000 0.000 0.010 0.989 1.063
1.029 4.000 8.000 -0.000 0.000 0.010 1.029 1.063
1.069 4.080 8.000 0.000 0.000 0.010 1.069 1.063
1.111 4.160 8.000 0.000 0.000 0.010 1.111 1.063
1.153 4.240 8.000 -0.000 0.000 0.010 1.153 1.063
1.197 4.320 8.000 0.000 0.000 0.010 1.197 1.063
1.241 4.400 8.000 -0.000 0.000 0.010 1.241 1.063
1.285 4.480 8.000 0.000 0.000 0.010 1.285 1.063
1.331 4.560 8.000 0.000 0.000 0.010 1.331 1.063
1.377 4.640 8.000 -0.000 0.000 0.010 1.377 1.063
1.425 4.720 8.000 0.000 0.000 0.010 1.425 1.063
1.473 4.800 8.000 -0.000 0.000 0.010 1.473 1.063
1.521 4.880 8.000 0.000 0.000 0.010 1.521 1.063
1.571 4.960 8.000 -0.000 0.000 0.010 1.571 1.063
1.621 5.040 8.000 0.000 0.000 0.010 1.621 1.063
1.673 5.120 8.000 -0.000 0.000 0.010 1.673 1.063
1.725 5.200 8.000 0.000 0.000 0.010 1.725 1.063
1.777 5.280 8.000 -0.000 0.000 0.010 1.777 1.063
1.831 5.360 8.000 0.000 0.000 0.010 1.831 1.063
1.885 5.440 8.000 -0.000 0.000 0.010 1.885 1.063
1.941 5.520 8.000 0.000 0.000 0.010 1.941 1.063
1.997 5.600 8.000 -0.000 0.000 0.010 1.997 1.063
2.053 5.680 8.000 -0.000 0.000 0.010 2.053 1.063
2.111 5.760 8.000 0.000 0.000 0.010 2.111 1.063
2.169 5.840 8.000 -0.000 0.000 0.010 2.169 1.063
2.229 5.920 8.000 0.000 0.000 0.010 2.229 1.063
2.289 6.000 8.000 -0.000 0.000 0.010 2.289 1.063
2.349 6.080 8.000 -0.000 0.000 0.010 2.349 1.063
2.411 6.160 8.000 0.000 0.000 0.010 2.411 1.063
2.473 6.240 8.000 0.000 0.000 0.010 2.473 1.063
2.537 6.320 8.000 0.000 0.000 0.010 2.537 1.063
2.601 6.400 8.000 -0.000 0.000 0.010 2.601 1.063
2.665 6.480 8.000 0.000 0.000 0.010 2.665 1.063
2.731 6.560 8.000 0.000 0.000 0.010 2.731 1.063
2.797 6.640 8.000 0.000 0.000 0.010 2.797 1.063
2.865 6.720 8.000 0.000 0.000 0.010 2.865 1.063
2.933 6.800 8.000 -0.000 0.000 0.010 2.933 1.063
3.001 6.880 8.000 0.000 0.000 0.010 3.001 1.063
3.071 6.960 8.000 0.000 0.000 0.010 3.071 1.063
3.141 7.040 8.000 -0.000 0.000 0.010 3.141 1.063
3.213 7.120 8.000 0.000 0.000 0.010 3.213 1.063
3.285 7.200 8.000 0.000 0.000 0.010 3.285 1.063
3.357 7.280 8.000 0.000 0.000 0.010 3.357 1.063
3.431 7.360 8.000 -0.000 0.000 0.010 3.431 1.063
3.505 7.440 8.000 0.000 0.000 0.010 3.505 1.063
3.581 7.520 8.000 -0.000 0.000 0.010 3.581 1.063
3.657 7.600 8.000 0.000 0.000 0.010 3.657 1.063
3.733 7.680 8.000 0.000 0.000 0.010 3.733 1.063
3.811 7.760 8.000 -0.000 0.000 0.010 3.811 1.063
3.889 7.840 8.000 0.000 0.000 0.010 3.889 1.063
3.969 7.920 8.000 0.000 0.000 0.010 3.969 1.063
4.049 8.000 8.000 -0.000 0.000 0.010 4.049 1.063
4.129 8.080 8.000 0.000 0.000 0.010 4.129 1.063
4.211 8.160 8.000 -0.000 0.000 0.010 4.211 1.063
4.293 8.240 8.000 0.000 0.000 0.010 4.293 1.063
4.377 8.320 8.000 0.000 0.000 0.010 4.377 1.063
4.461 8.400 8.000 -0.000 0.000 0.010 4.461 1.063
4.545 8.480 8.000 0.000 0.000 0.010 4.545 1.063
4.631 8.560 8.000 -0.000 0.000 0.010 4.631 1.063
4.717 8.640 8.000 -0.000 0.000 0.010 4.717 1.063
4.805 8.720 8.000 0.000 0.000 0.010 4.805 1.063
4.893 8.800 8.000 0.000 0.000 0.010 4.893 1.063
4.981 8.880 8.000 -0.000 0.000 0.010 4.981 1.063
5.071 8.960 8.000 0.000 0.000 0.010 5.071 1.063
5.161 9.040 8.000 0.000 0.000 0.010 5.161 1.063
5.253 9.120 8.000 -0.000 0.000 0.010 5.253 1.063
5.345 9.200 8.000 0.000 0.000 0.010 5.345 1.063
5.437 9.280 8.000 0.000 0.000 0.010 5.437 1.063
5.531 9.360 8.000 -0.000 0.000 0.010 5.531 1.063
5.625 9.438 7.750 -25.000 0.000 0.010 5.625 1.063
5.720 9.510 7.250 -50.000 0.000 0.010 5.720 1.063
5.816 9.578 6.750 -50.000 0.000 0.010 5.816 1.063
5.913 9.640 6.250 -50.000 0.000 0.010 5.913 1.063
6.010 9.698 5.750 -50.000 0.000 0.010 6.010 1.063
6.107 9.750 5.250 -50.000 0.000 0.010 6.107 1.063
6.205 9.798 4.750 -50.000 0.000 0.010 6.205 1.063
6.304 9.840 4.250 -50.000 0.000 0.010 6.304 1.063
6.402 9.878 3.750 -50.000 0.000 0.010 6.402 1.063
6.501 9.910 3.248 -50.182 0.000 0.010 6.501 1.063
6.600 9.841 -6.865 -1011.323 0.001 0.010 6.600 1.063
6.697 9.681 -15.992 -912.685 0.004 0.010 6.697 1.063
6.792 9.522 -15.905 8.681 0.008 0.010 6.792 1.063
6.885 9.363 -15.949 -4.380 0.014 0.010 6.885 1.064
6.977 9.202 -16.101 -15.199 0.021 0.010 6.977 1.066
7.068 9.038 -16.340 -23.896 0.030 0.010 7.068 1.068
7.157 8.874 -16.425 -8.547 0.041 0.010 7.156 1.071
7.244 8.711 -16.357 6.832 0.053 0.010 7.244 1.075
7.329 8.547 -16.346 1.135 0.067 0.010 7.329 1.080
7.413 8.383 -16.369 -2.347 0.082 0.010 7.412 1.087
7.495 8.219 -16.404 -3.474 0.099 0.010 7.494 1.094
7.576 8.055 -16.424 -2.052 0.117 0.010 7.574 1.103
7.655 7.891 -16.403 2.146 0.137 0.010 7.653 1.113
7.732 7.728 -16.309 9.356 0.158 0.010 7.729 1.124
7.808 7.567 -16.112 19.780 0.181 0.010 7.804 1.137
7.882 7.409 -15.776 33.548 0.205 0.010 7.876 1.151
7.954 7.257 -15.270 50.658 0.231 0.010 7.947 1.167
8.025 7.111 -14.560 70.916 0.258 0.010 8.016 1.184
8.095 6.975 -13.622 93.881 0.287 0.010 8.083 1.203
8.164 6.850 -12.433 118.823 0.317 0.010 8.149 1.223
8.231 6.741 -10.986 144.705 0.347 0.010 8.213 1.245
8.298 6.648 -9.284 170.213 0.379 0.010 8.275 1.269
8.363 6.574 -7.346 193.831 0.411 0.010 8.335 1.294
8.428 6.522 -5.206 213.972 0.444 0.010 8.395 1.321
8.493 6.493 -2.915 229.145 0.477 0.010 8.453 1.350
8.558 6.488 -0.533 238.142 0.510 0.010 8.510 1.380
8.623 6.506 1.869 240.198 0.543 0.010 8.566 1.413
8.689 6.547 4.087 221.785 0.575 0.010 8.622 1.448
8.755 6.607 6.013 192.675 0.607 0.010 8.677 1.485
8.822 6.684 7.711 169.778 0.638 0.010 8.731 1.524
8.890 6.776 9.157 144.584 0.668 0.010 8.785 1.565
8.958 6.879 10.315 115.813 0.697 0.010 8.838 1.608
9.028 6.991 11.168 85.314 0.724 0.010 8.891 1.654
9.099 7.108 11.716 54.791 0.750 0.010 8.944 1.702
9.172 7.228 11.973 25.653 0.775 0.010 8.996 1.752
9.245 7.347 11.962 -1.052 0.798 0.010 9.048 1.804
9.320 7.465 11.716 -24.654 0.820 0.010 9.099 1.858
9.395 7.577 11.267 -44.824 0.840 0.010 9.151 1.914
9.472 7.684 10.652 -61.515 0.858 0.010 9.201 1.971
9.550 7.783 9.903 -74.885 0.875 0.010 9.252 2.031
9.629 7.873 9.051 -85.232 0.891 0.010 9.302 2.091
9.708 7.954 8.122 -92.927 0.905 0.010 9.351 2.154
9.789 8.026 7.138 -98.376 0.918 0.010 9.400 2.217
9.870 8.089 6.296 -84.213 0.929 0.010 9.449 2.282
9.951 8.145 5.666 -62.976 0.939 0.010 9.498 2.347
10.033 8.196 5.093 -57.340 0.948 0.010 9.546 2.414
10.115 8.242 4.542 -55.068 0.956 0.010 9.593 2.481
10.198 8.282 4.019 -52.354 0.962 0.010 9.641 2.548
10.281 8.317 3.525 -49.377 0.968 0.010 9.688 2.617
10.365 8.348 3.062 -46.275 0.972 0.010 9.736 2.686
10.449 8.374 2.630 -43.155 0.975 0.010 9.783 2.755
10.533 8.396 2.229 -40.096 0.978 0.010 9.830 2.825
10.617 8.415 1.858 -37.158 0.979 0.010 9.877 2.894
10.701 8.430 1.514 -34.386 0.980 0.010 9.924 2.964
10.785 8.442 1.196 -31.812 0.980 0.010 9.971 3.034
10.870 8.451 0.901 -29.456 0.979 0.010 10.018 3.105
10.955 8.457 0.628 -27.337 0.977 0.010 10.065 3.175
11.039 8.461 0.373 -25.464 0.974 0.010 10.112 3.245
11.124 8.463 0.135 -23.844 0.971 0.010 10.160 3.315
11.208 8.462 -0.090 -22.483 0.966 0.010 10.208 3.384
11.293 8.459 -0.304 -21.381 0.961 0.010 10.256 3.454
11.377 8.454 -0.509 -20.542 0.956 0.010 10.305 3.523
11.462 8.446 -0.709 -19.963 0.949 0.010 10.354 3.592
11.546 8.437 -0.905 -19.643 0.942 0.010 10.403 3.660
11.631 8.426 -1.101 -19.578 0.935 0.010 10.453 3.728
11.715 8.413 -1.299 -19.764 0.927 0.010 10.503 3.796
11.799 8.398 -1.501 -20.194 0.918 0.010 10.554 3.863
11.883 8.381 -1.709 -20.857 0.908 0.010 10.605 3.929
11.966 8.362 -1.927 -21.741 0.898 0.010 10.657 3.995
12.050 8.340 -2.155 -22.831 0.888 0.010 10.709 4.060
12.133 8.317 -2.396 -24.107 0.876 0.010 10.762 4.124
12.216 8.290 -2.651 -25.545 0.865 0.010 10.816 4.187
12.298 8.261 -2.923 -27.119 0.853 0.010 10.869 4.250
12.381 8.229 -3.211 -28.796 0.840 0.010 10.924 4.312
12.462 8.194 -3.516 -30.542 0.827 0.010 10.979 4.372
12.544 8.155 -3.839 -32.316 0.814 0.010 11.035 4.432
12.625 8.113 -4.180 -34.077 0.800 0.010 11.091 4.490
12.706 8.068 -4.538 -35.781 0.786 0.010 11.147 4.548
12.786 8.019 -4.912 -37.383 0.772 0.010 11.204 4.604
12.866 7.966 -5.300 -38.836 0.757 0.010 11.262 4.659
12.945 7.909 -5.701 -40.099 0.742 0.010 11.320 4.713
13.023 7.848 -6.112 -41.130 0.727 0.010 11.378 4.766
13.101 7.782 -6.531 -41.894 0.712 0.010 11.437 4.817
13.178 7.713 -6.955 -42.360 0.697 0.010 11.495 4.867
13.255 7.639 -7.380 -42.507 0.682 0.010 11.554 4.916
13.330 7.561 -7.803 -42.320 0.666 0.010 11.613 4.963
13.405 7.479 -8.221 -41.792 0.651 0.010 11.672 5.009
13.479 7.393 -8.630 -40.927 0.636 0.010 11.732 5.053
13.552 7.302 -9.028 -39.735 0.621 0.010 11.791 5.096
13.624 7.208 -9.410 -38.236 0.606 0.010 11.850 5.138
13.695 7.110 -9.774 -36.458 0.591 0.010 11.908 5.178
13.765 7.009 -10.119 -34.432 0.576 0.010 11.967 5.216
13.834 6.905 -10.441 -32.195 0.562 0.010 12.025 5.253
13.902 6.797 -10.739 -29.788 0.548 0.010 12.083 5.289
13.969 6.687 -11.011 -27.252 0.534 0.010 12.140 5.324
14.035 6.575 -11.257 -24.630 0.520 0.010 12.197 5.357
14.099 6.460 -11.477 -21.961 0.507 0.010 12.253 5.389
14.163 6.343 -11.670 -19.284 0.494 0.010 12.309 5.419
14.225 6.225 -11.836 -16.633 0.482 0.010 12.364 5.448
14.286 6.105 -11.977 -14.040 0.470 0.010 12.418 5.476
14.346 5.984 -12.092 -11.532 0.458 0.010 12.472 5.503
14.405 5.862 -12.183 -9.130 0.447 0.010 12.524 5.529
14.462 5.740 -12.252 -6.851 0.436 0.010 12.576 5.553
14.518 5.617 -12.299 -4.709 0.425 0.010 12.627 5.576
14.573 5.494 -12.326 -2.713 0.415 0.010 12.677 5.599
14.627 5.370 -12.335 -0.867 0.405 0.010 12.727 5.620
14.679 5.247 -12.326 0.825 0.396 0.010 12.775 5.641
14.731 5.124 -12.303 2.366 0.387 0.010 12.822 5.660
14.781 5.001 -12.265 3.759 0.378 0.010 12.869 5.679
14.829 4.879 -12.215 5.008 0.370 0.010 12.914 5.697
14.877 4.758 -12.154 6.121 0.362 0.010 12.959 5.714
14.923 4.637 -12.083 7.104 0.355 0.010 13.002 5.730
14.968 4.517 -12.003 7.966 0.348 0.010 13.044 5.746
15.012 4.398 -11.916 8.716 0.342 0.010 13.086 5.761
15.055 4.279 -11.822 9.363 0.335 0.010 13.126 5.775
15.097 4.162 -11.723 9.916 0.329 0.010 13.166 5.788
15.137 4.046 -11.619 10.382 0.324 0.010 13.204 5.801
15.177 3.931 -11.512 10.770 0.319 0.010 13.241 5.814
15.215 3.817 -11.401 11.088 0.314 0.010 13.277 5.826
15.252 3.704 -11.287 11.342 0.309 0.010 13.313 5.837
15.288 3.592 -11.172 11.540 0.305 0.010 13.347 5.848
15.323 3.482 -11.055 11.687 0.301 0.010 13.380 5.858
15.356 3.372 -10.937 11.788 0.297 0.010 13.412 5.868
15.389 3.264 -10.819 11.850 0.294 0.010 13.444 5.878
15.421 3.157 -10.700 11.874 0.290 0.010 13.474 5.887
15.451 3.051 -10.581 11.866 0.287 0.010 13.503 5.895
15.480 2.947 -10.463 11.828 0.285 0.010 13.531 5.904
15.509 2.843 -10.345 11.763 0.282 0.010 13.559 5.912
15.536 2.741 -10.229 11.674 0.280 0.010 13.585 5.919
15.563 2.640 -10.113 11.562 0.278 0.010 13.610 5.926
15.588 2.540 -9.999 11.428 0.276 0.010 13.635 5.933
15.613 2.441 -9.886 11.275 0.274 0.010 13.658 5.940
15.636 2.343 -9.775 11.103 0.272 0.010 13.681 5.946
15.658 2.247 -9.666 10.913 0.271 0.010 13.703 5.952
15.680 2.151 -9.559 10.705 0.270 0.010 13.723 5.958
15.701 2.056 -9.454 10.480 0.269 0.010 13.743 5.964
15.720 1.963 -9.352 10.238 0.268 0.010 13.762 5.969
15.739 1.870 -9.252 9.979 0.267 0.010 13.780 5.974
15.757 1.779 -9.155 9.704 0.266 0.010 13.797 5.978
15.774 1.688 -9.061 9.412 0.265 0.010 13.814 5.983
15.789 1.599 -8.970 9.104 0.265 0.010 13.829 5.987
15.805 1.510 -8.882 8.780 0.264 0.010 13.844 5.991
15.819 1.422 -8.797 8.440 0.264 0.010 13.857 5.995
15.832 1.335 -8.717 8.083 0.263 0.010 13.870 5.998
15.845 1.248 -8.640 7.711 0.263 0.010 13.882 6.001
15.856 1.163 -8.566 7.324 0.263 0.010 13.893 6.004
15.867 1.078 -8.497 6.921 0.262 0.010 13.904 6.007
15.877 0.993 -8.432 6.504 0.262 0.010 13.913 6.010
15.886 0.910 -8.371 6.072 0.262 0.010 13.922 6.012
15.894 0.826 -8.315 5.627 0.262 0.010 13.930 6.014
15.902 0.744 -8.263 5.169 0.262 0.010 13.937 6.016
15.908 0.662 -8.216 4.700 0.262 0.010 13.944 6.018
15.914 0.582 -7.970 24.617 0.262 0.010 13.949 6.019
15.919 0.507 -7.479 49.163 0.262 0.010 13.954 6.021
15.924 0.438 -6.946 53.248 0.262 0.010 13.958 6.022
15.927 0.373 -6.420 52.621 0.262 0.010 13.962 6.023
15.931 0.314 -5.899 52.078 0.262 0.010 13.965 6.024
15.933 0.261 -5.383 51.614 0.262 0.010 13.968 6.024
15.935 0.212 -4.871 51.224 0.262 0.010 13.970 6.025
15.937 0.168 -4.362 50.901 0.262 0.010 13.971 6.025
15.938 0.130 -3.855 50.641 0.262 0.010 13.973 6.026
15.939 0.096 -3.351 50.436 0.262 0.010 13.974 6.026
15.940 0.068 -2.848 50.280 0.262 0.010 13.974 6.026
15.940 0.044 -2.346 50.167 0.262 0.010 13.975 6.026
15.941 0.026 -1.846 50.089 0.262 0.010 13.975 6.026
15.941 0.012 -1.345 50.041 0.262 0.010 13.975 6.026
15.941 0.004 -0.845 50.014 0.262 0.010 13.975 6.026
15.941 0.000 -0.345 50.003 0.262 0.010 13.975 6.026
15.941 0.000 -0.047 29.750 0.262 0.010 13.975 6.026
0.000 0.005 0.500 50.000 0.000 0.010 0.000 -1.063
0.000 0.010 0.500 -0.000 0.000 0.010 0.000 -1.063
0.000 0.023 1.250 75.000 0.000 0.010 0.000 -1.063
0.001 0.040 1.750 50.000 0.000 0.010 0.001 -1.063
0.001 0.062 2.250 50.000 0.000 0.010 0.001 -1.063
0.002 0.090 2.750 50.000 0.000 0.010 0.002 -1.063
0.003 0.122 3.250 50.000 0.000 0.010 0.003 -1.063
0.005 0.160 3.750 50.000 0.000 0.010 0.005 -1.063
0.007 0.202 4.250 50.000 0.000 0.010 0.007 -1.063
0.010 0.250 4.750 50.000 0.000 0.010 0.010 -1.063
0.013 0.302 5.250 50.000 0.000 0.010 0.013 -1.063
0.016 0.360 5.750 50.000 0.000 0.010 0.016 -1.063
0.020 0.422 6.250 50.000 0.000 0.010 0.020 -1.063
0.025 0.490 6.750 50.000 0.000 0.010 0.025 -1.063
0.031 0.563 7.250 50.000 0.000 0.010 0.031 -1.063
0.037 0.640 7.750 50.000 0.000 0.010 0.037 -1.063
0.045 0.720 8.000 25.000 0.000 0.010 0.045 -1.063
0.053 0.800 8.000 0.000 0.000 0.010 0.053 -1.063
0.061 0.880 8.000 0.000 0.000 0.010 0.061 -1.063
0.071 0.960 8.000 -0.000 0.000 0.010 0.071 -1.063
0.081 1.040 8.000 0.000 0.000 0.010 0.081 -1.063
0.093 1.120 8.000 0.000 0.000 0.010 0.093 -1.063
0.105 1.200 8.000 -0.000 0.000 0.010 0.105 -1.063
0.117 1.280 8.000 0.000 0.000 0.010 0.117 -1.063
0.131 1.360 8.000 -0.000 0.000 0.010 0.131 -1.063
0.145 1.440 8.000 0.000 0.000 0.010 0.145 -1.063
0.161 1.520 8.000 0.000 0.000 0.010 0.161 -1.063
0.177 1.600 8.000 0.000 0.000 0.010 0.177 -1.063
0.193 1.680 8.000 0.000 0.000 0.010 0.193 -1.063
0.211 1.760 8.000 -0.000 0.000 0.010 0.211 -1.063
0.229 1.840 8.000 -0.000 0.000 0.010 0.229 -1.063
0.249 1.920 8.000 0.000 0.000 0.010 0.249 -1.063
0.269 2.000 8.000 -0.000 0.000 0.010 0.269 -1.063
0.289 2.080 8.000 0.000 0.000 0.010 0.289 -1.063
0.311 2.160 8.000 -0.000 0.000 0.010 0.311 -1.063
0.333 2.240 8.000 0.000 0.000 0.010 0.333 -1.063
0.357 2.320 8.000 -0.000 0.000 0.010 0.357 -1.063
0.381 2.400 8.000 -0.000 0.000 0.010 0.381 -1.063
0.405 2.480 8.000 0.000 0.000 0.010 0.405 -1.063
0.431 2.560 8.000 0.000 0.000 0.010 0.431 -1.063
0.457 2.640 8.000 -0.000 0.000 0.010 0.457 -1.063
0.485 2.720 8.000 -0.000 0.000 0.010 0.485 -1.063
0.513 2.800 8.000 -0.000 0.000 0.010 0.513 -1.063
0.541 2.880 8.000 0.000 0.000 0.010 0.541 -1.063
0.571 2.960 8.000 -0.000 0.000 0.010 0.571 -1.063
0.601 3.040 8.000 0.000 0.000 0.010 0.601 -1.063
0.633 3.120 8.000 -0.000 0.000 0.010 0.633 -1.063
0.665 3.200 8.000 0.000 0.000 0.010 0.665 -1.063
0.697 3.280 8.000 0.000 0.000 0.010 0.697 -1.063
0.731 3.360 8.000 -0.000 0.000 0.010 0.731 -1.063
0.765 3.440 8.000 0.000 0.000 0.010 0.765 -1.063
0.801 3.520 8.000 -0.000 0.000 0.010 0.801 -1.063
0.837 3.600 8.000 -0.000 0.000 0.010 0.837 -1.063
0.873 3.680 8.000 0.000 0.000 0.010 0.873 -1.063
0.911 3.760 8.000 0.000 0.000 0.010 0.911 -1.063
0.949 3.840 8.000 0.000 0.000 0.010 0.949 -1.063
0.989 3.920 8.000 0.000 0.000 0.010 0.989 -1.063
1.029 4.000 8.000 -0.000 0.000 0.010 1.029 -1.063
1.069 4.080 8.000 0.000 0.000 0.010 1.069 -1.063
1.111 4.160 8.000 0.000 0.000 0.010 1.111 -1.063
1.153 4.240 8.000 -0.000 0.000 0.010 1.153 -1.063
1.197 4.320 8.000 0.000 0.000 0.010 1.197 -1.063
1.241 4.400 8.000 -0.000 0.000 0.010 1.241 -1.063
1.285 4.480 8.000 0.000 0.000 0.010 1.285 -1.063
1.331 4.560 8.000 0.000 0.000 0.010 1.331 -1.063
1.377 4.640 8.000 -0.000 0.000 0.010 1.377 -1.063
1.425 4.720 8.000 0.000 0.000 0.010 1.425 -1.063
1.473 4.800 8.000 -0.000 0.000 0.010 1.473 -1.063
1.521 4.880 8.000 0.000 0.000 0.010 1.521 -1.063
1.571 4.960 8.000 -0.000 0.000 0.010 1.571 -1.063
1.621 5.040 8.000 0.000 0.000 0.010 1.621 -1.063
1.673 5.120 8.000 -0.000 0.000 0.010 1.673 -1.063
1.725 5.200 8.000 0.000 0.000 0.010 1.725 -1.063
1.777 5.280 8.000 -0.000 0.000 0.010 1.777 -1.063
1.831 5.360 8.000 0.000 0.000 0.010 1.831 -1.063
1.885 5.440 8.000 -0.000 0.000 0.010 1.885 -1.063
1.941 5.520 8.000 0.000 0.000 0.010 1.941 -1.063
1.997 5.600 8.000 -0.000 0.000 0.010 1.997 -1.063
2.053 5.680 8.000 -0.000 0.000 0.010 2.053 -1.063
2.111 5.760 8.000 0.000 0.000 0.010 2.111 -1.063
2.169 5.840 8.000 -0.000 0.000 0.010 2.169 -1.063
2.229 5.920 8.000 0.000 0.000 0.010 2.229 -1.063
2.289 6.000 8.000 -0.000 0.000 0.010 2.289 -1.063
2.349 6.080 8.000 -0.000 0.000 0.010 2.349 -1.063
2.411 6.160 8.000 0.000 0.000 0.010 2.411 -1.063
2.473 6.240 8.000 0.000 0.000 0.010 2.473 -1.063
2.537 6.320 8.000 0.000 0.000 0.010 2.537 -1.063
2.601 6.400 8.000 -0.000 0.000 0.010 2.601 -1.063
2.665 6.480 8.000 0.000 0.000 0.010 2.665 -1.063
2.731 6.560 8.000 0.000 0.000 0.010 2.731 -1.063
2.797 6.640 8.000 0.000 0.000 0.010 2.797 -1.063
2.865 6.720 8.000 0.000 0.000 0.010 2.865 -1.063
2.933 6.800 8.000 -0.000 0.000 0.010 2.933 -1.063
3.001 6.880 8.000 0.000 0.000 0.010 3.001 -1.063
3.071 6.960 8.000 0.000 0.000 0.010 3.071 -1.063
3.141 7.040 8.000 -0.000 0.000 0.010 3.141 -1.063
3.213 7.120 8.000 0.000 0.000 0.010 3.213 -1.063
3.285 7.200 8.000 0.000 0.000 0.010 3.285 -1.063
3.357 7.280 8.000 0.000 0.000 0.010 3.357 -1.063
3.431 7.360 8.000 -0.000 0.000 0.010 3.431 -1.063
3.505 7.440 8.000 0.000 0.000 0.010 3.505 -1.063
3.581 7.520 8.000 -0.000 0.000 0.010 3.581 -1.063
3.657 7.600 8.000 0.000 0.000 0.010 3.657 -1.063
3.733 7.680 8.000 0.000 0.000 0.010 3.733 -1.063
3.811 7.760 8.000 -0.000 0.000 0.010 3.811 -1.063
3.889 7.840 8.000 0.000 0.000 0.010 3.889 -1.063
3.969 7.920 8.000 0.000 0.000 0.010 3.969 -1.063
4.049 8.000 8.000 -0.000 0.000 0.010 4.049 -1.063
4.129 8.080 8.000 0.000 0.000 0.010 4.129 -1.063
4.211 8.160 8.000 -0.000 0.000 0.010 4.211 -1.063
4.293 8.240 8.000 0.000 0.000 0.010 4.293 -1.063
4.377 8.320 8.000 0.000 0.000 0.010 4.377 -1.063
4.461 8.400 8.000 -0.000 0.000 0.010 4.461 -1.063
4.545 8.480 8.000 0.000 0.000 0.010 4.545 -1.063
4.631 8.560 8.000 -0.000 0.000 0.010 4.631 -1.063
4.717 8.640 8.000 -0.000 0.000 0.010 4.717 -1.063
4.805 8.720 8.000 0.000 0.000 0.010 4.805 -1.063
4.893 8.800 8.000 0.000 0.000 0.010 4.893 -1.063
4.981 8.880 8.000 -0.000 0.000 0.010 4.981 -1.063
5.071 8.960 8.000 0.000 0.000 0.010 5.071 -1.063
5.161 9.040 8.000 0.000 0.000 0.010 5.161 -1.063
5.253 9.120 8.000 -0.000 0.000 0.010 5.253 -1.063
5.345 9.200 8.000 0.000 0.000 0.010 5.345 -1.063
5.437 9.280 8.000 0.000 0.000 0.010 5.437 -1.063
5.531 9.360 8.000 -0.000 0.000 0.010 5.531 -1.063
5.625 9.438 7.750 -25.000 0.000 0.010 5.625 -1.063
5.720 9.510 7.250 -50.000 0.000 0.010 5.720 -1.063
5.816 9.578 6.750 -50.000 0.000 0.010 5.816 -1.063
5.913 9.640 6.250 -50.000 0.000 0.010 5.913 -1.063
6.010 9.698 5.750 -50.000 0.000 0.010 6.010 -1.063
6.107 9.750 5.250 -50.000 0.000 0.010 6.107 -1.063
6.205 9.798 4.750 -50.000 0.000 0.010 6.205 -1.063
6.304 9.840 4.250 -50.000 0.000 0.010 6.304 -1.063
6.402 9.878 3.750 -50.000 0.000 0.010 6.402 -1.063
6.501 9.910 3.252 -49.818 0.000 0.010 6.501 -1.062
6.602 10.034 12.365 911.316 0.001 0.010 6.602 -1.062
6.704 10.239 20.491 812.642 0.004 0.010 6.704 -1.062
6.808 10.433 19.404 -108.726 0.008 0.010 6.808 -1.062
6.915 10.617 18.448 -95.662 0.014 0.010 6.915 -1.061
7.023 10.793 17.599 -84.841 0.021 0.010 7.023 -1.059
7.132 10.961 16.838 -76.142 0.030 0.010 7.132 -1.056
7.243 11.126 16.423 -41.491 0.041 0.010 7.243 -1.052
7.356 11.289 16.354 -6.871 0.053 0.010 7.356 -1.047
7.471 11.453 16.342 -1.174 0.067 0.010 7.470 -1.040
7.587 11.616 16.365 2.307 0.082 0.010 7.586 -1.031
7.705 11.780 16.400 3.434 0.099 0.010 7.704 -1.021
7.824 11.945 16.420 2.012 0.117 0.010 7.822 -1.008
7.945 12.108 16.398 -2.186 0.137 0.010 7.942 -0.992
8.068 12.272 16.304 -9.392 0.158 0.010 8.064 -0.974
8.192 12.433 16.106 -19.812 0.181 0.010 8.186 -0.953
8.318 12.590 15.770 -33.574 0.205 0.010 8.310 -0.929
8.446 12.743 15.263 -50.674 0.231 0.010 8.434 -0.902
8.575 12.888 14.554 -70.920 0.258 0.010 8.559 -0.870
8.705 13.025 13.616 -93.870 0.287 0.010 8.685 -0.835
8.836 13.149 12.428 -118.795 0.317 0.010 8.810 -0.796
8.969 13.259 10.981 -144.658 0.347 0.010 8.936 -0.753
9.102 13.352 9.280 -170.147 0.379 0.010 9.060 -0.706
9.237 13.425 7.342 -193.745 0.411 0.010 9.184 -0.654
9.371 13.477 5.203 -213.869 0.444 0.010 9.307 -0.598
9.506 13.506 2.913 -229.030 0.477 0.010 9.428 -0.538
9.642 13.511 0.533 -238.019 0.510 0.010 9.547 -0.474
9.777 13.493 -1.868 -240.074 0.543 0.010 9.664 -0.407
9.911 13.448 -4.489 -262.161 0.575 0.010 9.778 -0.335
10.045 13.375 -7.320 -283.056 0.607 0.010 9.889 -0.261
10.177 13.274 -10.017 -269.674 0.638 0.010 9.997 -0.183
10.309 13.150 -12.462 -244.502 0.668 0.010 10.101 -0.103
10.439 13.004 -14.619 -215.753 0.697 0.010 10.202 -0.021
10.567 12.839 -16.472 -185.278 0.724 0.010 10.299 0.062
10.694 12.659 -18.020 -154.776 0.750 0.010 10.393 0.148
10.819 12.466 -19.276 -125.658 0.775 0.010 10.483 0.234
10.941 12.263 -20.266 -98.968 0.798 0.010 10.570 0.321
11.062 12.053 -21.020 -75.378 0.820 0.010 10.653 0.408
11.180 11.837 -21.572 -55.216 0.840 0.010 10.733 0.495
11.296 11.618 -21.957 -38.531 0.858 0.010 10.810 0.582
11.410 11.396 -22.209 -25.163 0.875 0.010 10.883 0.669
11.522 11.172 -22.357 -14.817 0.891 0.010 10.954 0.756
11.632 10.948 -22.428 -7.121 0.905 0.010 11.022 0.841
11.739 10.723 -22.445 -1.670 0.918 0.010 11.088 0.926
11.844 10.501 -22.198 24.670 0.929 0.010 11.151 1.010
11.947 10.285 -21.664 53.437 0.939 0.010 11.213 1.092
12.047 10.074 -21.091 57.303 0.948 0.010 11.272 1.174
12.146 9.869 -20.541 55.036 0.956 0.010 11.329 1.254
12.243 9.668 -20.017 52.326 0.962 0.010 11.384 1.334
12.337 9.473 -19.524 49.352 0.968 0.010 11.438 1.411
12.430 9.282 -19.061 46.254 0.972 0.010 11.491 1.488
12.521 9.096 -18.630 43.136 0.975 0.010 11.542 1.563
12.610 8.914 -18.229 40.079 0.978 0.010 11.592 1.637
12.698 8.735 -17.858 37.144 0.979 0.010 11.641 1.710
12.783 8.560 -17.514 34.373 0.980 0.010 11.688 1.781
12.867 8.388 -17.196 31.800 0.980 0.010 11.735 1.850
12.949 8.219 -16.901 29.446 0.979 0.010 11.781 1.918
13.030 8.053 -16.628 27.328 0.977 0.010 11.826 1.985
13.109 7.889 -16.374 25.456 0.974 0.010 11.870 2.051
13.186 7.728 -16.135 23.837 0.971 0.010 11.914 2.114
13.262 7.569 -15.910 22.477 0.966 0.010 11.957 2.177
13.336 7.412 -15.697 21.376 0.961 0.010 11.999 2.238
13.409 7.257 -15.491 20.537 0.956 0.010 12.041 2.297
13.480 7.104 -15.292 19.959 0.949 0.010 12.082 2.355
13.549 6.953 -15.095 19.639 0.942 0.010 12.122 2.411
13.617 6.804 -14.900 19.576 0.935 0.010 12.163 2.466
13.684 6.657 -14.702 19.762 0.927 0.010 12.202 2.520
13.749 6.512 -14.500 20.192 0.918 0.010 12.242 2.572
13.813 6.369 -14.291 20.856 0.908 0.010 12.281 2.622
13.875 6.228 -14.074 21.741 0.898 0.010 12.319 2.671
13.936 6.090 -13.846 22.831 0.888 0.010 12.357 2.718
13.995 5.954 -13.605 24.108 0.876 0.010 12.395 2.764
14.053 5.820 -13.349 25.547 0.865 0.010 12.433 2.809
14.110 5.690 -13.078 27.121 0.853 0.010 12.470 2.852
14.166 5.562 -12.790 28.799 0.840 0.010 12.507 2.894
14.220 5.437 -12.485 30.545 0.827 0.010 12.543 2.934
14.273 5.315 -12.161 32.320 0.814 0.010 12.579 2.973
14.325 5.197 -11.821 34.082 0.800 0.010 12.615 3.010
14.376 5.082 -11.463 35.786 0.786 0.010 12.651 3.046
14.426 4.971 -11.089 37.388 0.772 0.010 12.686 3.081
14.475 4.864 -10.700 38.842 0.757 0.010 12.722 3.115
14.522 4.761 -10.299 40.105 0.742 0.010 12.756 3.147
14.569 4.663 -9.888 41.136 0.727 0.010 12.791 3.179
14.615 4.568 -9.469 41.900 0.712 0.010 12.825 3.209
14.659 4.477 -9.045 42.367 0.697 0.010 12.859 3.238
14.703 4.391 -8.620 42.514 0.682 0.010 12.893 3.266
14.746 4.309 -8.197 42.326 0.666 0.010 12.927 3.293
14.789 4.231 -7.779 41.798 0.651 0.010 12.960 3.319
14.830 4.158 -7.370 40.932 0.636 0.010 12.994 3.344
14.871 4.088 -6.972 39.740 0.621 0.010 13.027 3.368
14.911 4.022 -6.590 38.241 0.606 0.010 13.060 3.391
14.951 3.960 -6.225 36.462 0.591 0.010 13.092 3.413
14.990 3.901 -5.881 34.435 0.576 0.010 13.125 3.435
15.028 3.846 -5.559 32.198 0.562 0.010 13.157 3.455
15.066 3.793 -5.261 29.790 0.548 0.010 13.190 3.475
15.104 3.743 -4.988 27.254 0.534 0.010 13.222 3.495
15.141 3.696 -4.742 24.631 0.520 0.010 13.254 3.513
15.177 3.650 -4.522 21.961 0.507 0.010 13.285 3.531
15.213 3.607 -4.330 19.284 0.494 0.010 13.317 3.548
15.249 3.565 -4.163 16.633 0.482 0.010 13.349 3.565
15.284 3.525 -4.023 14.039 0.470 0.010 13.380 3.581
15.319 3.486 -3.908 11.531 0.458 0.010 13.411 3.597
15.354 3.448 -3.816 9.128 0.447 0.010 13.442 3.612
15.388 3.410 -3.748 6.849 0.436 0.010 13.473 3.626
15.421 3.373 -3.701 4.707 0.425 0.010 13.504 3.641
15.455 3.337 -3.674 2.711 0.415 0.010 13.534 3.654
15.488 3.300 -3.665 0.865 0.405 0.010 13.564 3.667
15.520 3.263 -3.673 -0.828 0.396 0.010 13.594 3.680
15.553 3.226 -3.697 -2.369 0.387 0.010 13.624 3.692
15.585 3.189 -3.735 -3.761 0.378 0.010 13.654 3.704
15.616 3.151 -3.785 -5.010 0.370 0.010 13.683 3.716
15.647 3.113 -3.846 -6.123 0.362 0.010 13.712 3.727
15.678 3.074 -3.917 -7.106 0.355 0.010 13.741 3.738
15.708 3.034 -3.997 -7.968 0.348 0.010 13.769 3.748
15.738 2.993 -4.084 -8.718 0.342 0.010 13.798 3.758
15.768 2.951 -4.177 -9.365 0.335 0.010 13.825 3.768
15.797 2.908 -4.277 -9.917 0.329 0.010 13.853 3.778
15.825 2.864 -4.381 -10.383 0.324 0.010 13.880 3.787
15.854 2.820 -4.488 -10.771 0.319 0.010 13.907 3.796
15.881 2.774 -4.599 -11.089 0.314 0.010 13.933 3.804
15.909 2.726 -4.713 -11.343 0.309 0.010 13.959 3.813
15.935 2.678 -4.828 -11.541 0.305 0.010 13.985 3.821
15.962 2.629 -4.945 -11.688 0.301 0.010 14.010 3.829
15.987 2.578 -5.063 -11.790 0.297 0.010 14.034 3.836
16.013 2.526 -5.181 -11.850 0.294 0.010 14.059 3.843
16.037 2.473 -5.300 -11.875 0.290 0.010 14.082 3.851
16.062 2.419 -5.419 -11.866 0.287 0.010 14.105 3.857
16.085 2.364 -5.537 -11.828 0.285 0.010 14.128 3.864
16.108 2.307 -5.655 -11.764 0.282 0.010 14.150 3.871
16.131 2.249 -5.771 -11.674 0.280 0.010 14.172 3.877
16.153 2.191 -5.887 -11.562 0.278 0.010 14.193 3.883
16.174 2.131 -6.001 -11.429 0.276 0.010 14.213 3.889
16.195 2.069 -6.114 -11.276 0.274 0.010 14.233 3.894
16.215 2.007 -6.225 -11.103 0.272 0.010 14.253 3.900
16.234 1.944 -6.334 -10.913 0.271 0.010 14.271 3.905
16.253 1.879 -6.441 -10.705 0.270 0.010 14.289 3.910
16.271 1.814 -6.546 -10.480 0.269 0.010 14.307 3.915
16.289 1.747 -6.648 -10.238 0.268 0.010 14.324 3.919
16.305 1.680 -6.748 -9.979 0.267 0.010 14.340 3.924
16.322 1.612 -6.845 -9.704 0.266 0.010 14.356 3.928
16.337 1.542 -6.939 -9.412 0.265 0.010 14.370 3.932
16.352 1.472 -7.030 -9.104 0.265 0.010 14.385 3.936
16.366 1.401 -7.118 -8.780 0.264 0.010 14.398 3.940
16.379 1.329 -7.203 -8.440 0.264 0.010 14.411 3.943
16.392 1.256 -7.283 -8.083 0.263 0.010 14.423 3.946
16.403 1.182 -7.360 -7.711 0.263 0.010 14.435 3.949
16.414 1.108 -7.434 -7.324 0.263 0.010 14.445 3.952
16.425 1.033 -7.503 -6.921 0.262 0.010 14.455 3.955
16.434 0.957 -7.568 -6.504 0.262 0.010 14.464 3.957
16.443 0.881 -7.629 -6.072 0.262 0.010 14.473 3.960
16.451 0.804 -7.685 -5.627 0.262 0.010 14.481 3.962
16.458 0.727 -7.737 -5.169 0.262 0.010 14.488 3.964
16.465 0.649 -7.784 -4.700 0.262 0.010 14.494 3.965
16.471 0.573 -7.625 15.885 0.262 0.010 14.500 3.967
16.476 0.500 -7.211 41.338 0.262 0.010 14.504 3.968
16.480 0.433 -6.744 46.752 0.262 0.010 14.509 3.969
16.484 0.370 -6.270 47.379 0.262 0.010 14.512 3.970
16.487 0.312 -5.791 47.922 0.262 0.010 14.515 3.971
16.489 0.259 -5.307 48.386 0.262 0.010 14.518 3.972
16.492 0.211 -4.819 48.776 0.262 0.010 14.520 3.972
16.493 0.168 -4.328 49.099 0.262 0.010 14.521 3.973
16.495 0.130 -3.835 49.359 0.262 0.010 14.523 3.973
16.495 0.096 -3.339 49.564 0.262 0.010 14.524 3.973
16.496 0.068 -2.842 49.720 0.262 0.010 14.524 3.973
16.497 0.044 -2.344 49.833 0.262 0.010 14.525 3.974
16.497 0.026 -1.844 49.911 0.262 0.010 14.525 3.974
16.497 0.012 -1.345 49.959 0.262 0.010 14.525 3.974
16.497 0.004 -0.845 49.986 0.262 0.010 14.525 3.974
16.497 0.000 -0.345 49.997 0.262 0.010 14.525 3.974
16.497 0.000 -0.047 29.749 0.262 0.010 14.525 3.974
