InsideLanePathClose
294
0.000 0.005 0.497 49.652 0.000 0.010 0.000 1.063
0.000 0.010 0.497 0.000 0.000 0.010 0.000 1.063
0.000 0.022 1.241 74.477 0.000 0.010 0.000 1.063
0.001 0.040 1.738 49.652 0.000 0.010 0.001 1.063
0.001 0.062 2.234 49.652 0.000 0.010 0.001 1.063
0.002 0.089 2.731 49.652 0.000 0.010 0.002 1.063
0.003 0.122 3.227 49.652 0.000 0.010 0.003 1.063
0.005 0.159 3.724 49.652 0.000 0.010 0.005 1.063
0.007 0.201 4.220 49.652 0.000 0.010 0.007 1.063
0.010 0.248 4.717 49.652 0.000 0.010 0.010 1.063
0.013 0.300 5.213 49.652 0.000 0.010 0.013 1.063
0.016 0.357 5.710 49.652 0.000 0.010 0.016 1.063
0.020 0.420 6.206 49.652 0.000 0.010 0.020 1.063
0.025 0.487 6.703 49.652 0.000 0.010 0.025 1.063
0.031 0.559 7.199 49.652 0.000 0.010 0.031 1.063
0.037 0.636 7.696 49.652 0.000 0.010 0.037 1.063
0.044 0.717 8.193 49.652 0.000 0.010 0.044 1.063
0.052 0.804 8.689 49.652 0.000 0.010 0.052 1.063
0.061 0.894 8.937 24.826 0.000 0.010 0.061 1.063
0.071 0.983 8.937 -0.000 0.000 0.010 0.071 1.063
0.082 1.072 8.937 0.000 0.000 0.010 0.082 1.063
0.093 1.162 8.937 -0.000 0.000 0.010 0.093 1.063
0.106 1.251 8.937 0.000 0.000 0.010 0.106 1.063
0.119 1.341 8.937 0.000 0.000 0.010 0.119 1.063
0.134 1.430 8.937 -0.000 0.000 0.010 0.134 1.063
0.149 1.519 8.937 0.000 0.000 0.010 0.149 1.063
0.165 1.609 8.937 -0.000 0.000 0.010 0.165 1.063
0.182 1.698 8.937 0.000 0.000 0.010 0.182 1.063
0.200 1.787 8.937 -0.000 0.000 0.010 0.200 1.063
0.219 1.877 8.937 -0.000 0.000 0.010 0.219 1.063
0.238 1.966 8.937 -0.000 0.000 0.010 0.238 1.063
0.259 2.056 8.937 0.000 0.000 0.010 0.259 1.063
0.280 2.145 8.937 0.000 0.000 0.010 0.280 1.063
0.303 2.234 8.937 -0.000 0.000 0.010 0.303 1.063
0.326 2.324 8.937 0.000 0.000 0.010 0.326 1.063
0.350 2.413 8.937 -0.000 0.000 0.010 0.350 1.063
0.375 2.502 8.937 0.000 0.000 0.010 0.375 1.063
0.401 2.592 8.937 -0.000 0.000 0.010 0.401 1.063
0.428 2.681 8.937 0.000 0.000 0.010 0.428 1.063
0.455 2.771 8.937 0.000 0.000 0.010 0.455 1.063
0.484 2.860 8.937 -0.000 0.000 0.010 0.484 1.063
0.514 2.949 8.937 -0.000 0.000 0.010 0.514 1.063
0.544 3.039 8.937 -0.000 0.000 0.010 0.544 1.063
0.575 3.128 8.937 0.000 0.000 0.010 0.575 1.063
0.607 3.217 8.937 -0.000 0.000 0.010 0.607 1.063
0.640 3.307 8.937 0.000 0.000 0.010 0.640 1.063
0.674 3.396 8.937 0.000 0.000 0.010 0.674 1.063
0.709 3.486 8.937 0.000 0.000 0.010 0.709 1.063
0.745 3.575 8.937 -0.000 0.000 0.010 0.745 1.063
0.782 3.664 8.937 0.000 0.000 0.010 0.782 1.063
0.819 3.754 8.937 0.000 0.000 0.010 0.819 1.063
0.858 3.843 8.937 0.000 0.000 0.010 0.858 1.063
0.897 3.932 8.937 -0.000 0.000 0.010 0.897 1.063
0.937 4.022 8.937 0.000 0.000 0.010 0.937 1.063
0.978 4.111 8.937 0.000 0.000 0.010 0.978 1.063
1.020 4.201 8.937 -0.000 0.000 0.010 1.020 1.063
1.063 4.290 8.937 0.000 0.000 0.010 1.063 1.063
1.107 4.379 8.937 -0.000 0.000 0.010 1.107 1.063
1.152 4.469 8.937 -0.000 0.000 0.010 1.152 1.063
1.197 4.558 8.937 0.000 0.000 0.010 1.197 1.063
1.244 4.647 8.937 0.000 0.000 0.010 1.244 1.063
1.291 4.737 8.937 -0.000 0.000 0.010 1.291 1.063
1.339 4.826 8.937 0.000 0.000 0.010 1.339 1.063
1.388 4.916 8.937 -0.000 0.000 0.010 1.388 1.063
1.439 5.005 8.937 0.000 0.000 0.010 1.439 1.063
1.489 5.094 8.937 0.000 0.000 0.010 1.489 1.063
1.541 5.184 8.937 -0.000 0.000 0.010 1.541 1.063
1.594 5.273 8.937 0.000 0.000 0.010 1.594 1.063
1.648 5.362 8.937 -0.000 0.000 0.010 1.648 1.063
1.702 5.452 8.937 0.000 0.000 0.010 1.702 1.063
1.758 5.541 8.937 -0.000 0.000 0.010 1.758 1.063
1.814 5.630 8.937 0.000 0.000 0.010 1.814 1.063
1.871 5.720 8.937 -0.000 0.000 0.010 1.871 1.063
1.929 5.809 8.937 0.000 0.000 0.010 1.929 1.063
1.988 5.899 8.937 -0.000 0.000 0.010 1.988 1.063
2.048 5.988 8.937 0.000 0.000 0.010 2.048 1.063
2.109 6.077 8.937 -0.000 0.000 0.010 2.109 1.063
2.170 6.167 8.937 0.000 0.000 0.010 2.170 1.063
2.233 6.256 8.937 -0.000 0.000 0.010 2.233 1.063
2.297 6.345 8.937 0.000 0.000 0.010 2.297 1.063
2.361 6.435 8.937 0.000 0.000 0.010 2.361 1.063
2.426 6.524 8.937 0.000 0.000 0.010 2.426 1.063
2.492 6.614 8.937 -0.000 0.000 0.010 2.492 1.063
2.559 6.703 8.937 -0.000 0.000 0.010 2.559 1.063
2.627 6.792 8.937 0.000 0.000 0.010 2.627 1.063
2.696 6.882 8.937 -0.000 0.000 0.010 2.696 1.063
2.766 6.971 8.937 0.000 0.000 0.010 2.766 1.063
2.836 7.060 8.937 0.000 0.000 0.010 2.836 1.063
2.908 7.150 8.937 -0.000 0.000 0.010 2.908 1.063
2.980 7.239 8.937 0.000 0.000 0.010 2.980 1.063
3.053 7.329 8.937 -0.000 0.000 0.010 3.053 1.063
3.128 7.418 8.937 0.000 0.000 0.010 3.128 1.063
3.203 7.507 8.937 -0.000 0.000 0.010 3.203 1.063
3.279 7.597 8.937 0.000 0.000 0.010 3.279 1.063
3.356 7.686 8.937 0.000 0.000 0.010 3.356 1.063
3.433 7.775 8.937 0.000 0.000 0.010 3.433 1.063
3.512 7.865 8.937 0.000 0.000 0.010 3.512 1.063
3.592 7.954 8.937 0.000 0.000 0.010 3.592 1.063
3.672 8.044 8.937 -0.000 0.000 0.010 3.672 1.063
3.753 8.133 8.937 -0.000 0.000 0.010 3.753 1.063
3.836 8.222 8.937 -0.000 0.000 0.010 3.836 1.063
3.919 8.312 8.937 0.000 0.000 0.010 3.919 1.063
4.003 8.401 8.937 -0.000 0.000 0.010 4.003 1.063
4.088 8.490 8.937 0.000 0.000 0.010 4.088 1.063
4.173 8.580 8.937 -0.000 0.000 0.010 4.173 1.063
4.260 8.669 8.937 0.000 0.000 0.010 4.260 1.063
4.348 8.759 8.937 0.000 0.000 0.010 4.348 1.063
4.436 8.848 8.937 -0.000 0.000 0.010 4.436 1.063
4.525 8.937 8.937 0.000 0.000 0.010 4.525 1.063
4.616 9.027 8.937 0.000 0.000 0.010 4.616 1.063
4.707 9.116 8.937 -0.000 0.000 0.010 4.707 1.063
4.799 9.205 8.937 0.000 0.000 0.010 4.799 1.063
4.892 9.295 8.937 -0.000 0.000 0.010 4.892 1.063
4.986 9.384 8.937 0.000 0.000 0.010 4.986 1.063
5.080 9.474 8.937 -0.000 0.000 0.010 5.080 1.063
5.176 9.563 8.937 0.000 0.000 0.010 5.176 1.063
5.273 9.652 8.937 0.000 0.000 0.010 5.273 1.063
5.370 9.742 8.937 0.000 0.000 0.010 5.370 1.063
5.468 9.831 8.937 0.000 0.000 0.010 5.468 1.063
5.568 9.920 8.937 0.000 0.000 0.010 5.568 1.063
5.668 10.010 8.937 -0.000 0.000 0.010 5.668 1.063
5.769 10.099 8.937 0.000 0.000 0.010 5.769 1.063
5.871 10.188 8.937 -0.000 0.000 0.010 5.871 1.063
5.973 10.278 8.937 0.000 0.000 0.010 5.973 1.063
6.077 10.367 8.937 0.000 0.000 0.010 6.077 1.063
6.182 10.457 8.937 0.000 0.000 0.010 6.182 1.063
6.287 10.546 8.937 0.000 0.000 0.010 6.287 1.063
6.393 10.635 8.937 -0.000 0.000 0.010 6.393 1.063
6.501 10.725 8.937 -0.000 0.000 0.010 6.501 1.063
6.609 10.812 8.689 -24.826 0.000 0.010 6.609 1.063
6.718 10.894 8.193 -49.652 0.000 0.010 6.718 1.063
6.827 10.971 7.696 -49.652 0.000 0.010 6.827 1.063
6.938 11.043 7.199 -49.652 0.000 0.010 6.938 1.063
7.049 11.110 6.723 -47.599 6.283 0.010 7.049 1.062
7.161 11.173 6.349 -37.470 6.283 0.010 7.161 1.062
7.273 11.231 5.784 -56.466 6.283 0.010 7.273 1.062
7.386 11.283 5.181 -60.345 6.283 0.010 7.386 1.062
7.499 11.329 4.578 -60.258 6.283 0.010 7.499 1.062
7.613 11.368 3.977 -60.111 6.283 0.010 7.613 1.062
7.727 11.402 3.378 -59.907 0.000 0.010 7.727 1.062
7.841 11.430 2.781 -59.647 0.000 0.010 7.841 1.062
7.956 11.452 2.188 -59.336 0.000 0.010 7.956 1.062
8.070 11.468 1.598 -58.976 0.000 0.010 8.070 1.063
8.185 11.478 1.013 -58.570 0.001 0.010 8.185 1.063
8.300 11.482 0.431 -58.121 0.001 0.010 8.300 1.063
8.415 11.481 -0.145 -57.633 0.001 0.010 8.415 1.063
8.529 11.471 -0.938 -79.310 0.002 0.010 8.529 1.063
8.644 11.454 -1.725 -78.671 0.003 0.010 8.644 1.063
8.758 11.431 -2.283 -55.830 0.003 0.010 8.758 1.064
8.872 11.403 -2.835 -55.204 0.004 0.010 8.872 1.064
8.986 11.369 -3.381 -54.559 0.005 0.010 8.986 1.065
9.099 11.330 -3.920 -53.896 0.006 0.010 9.099 1.065
9.212 11.286 -4.452 -53.220 0.007 0.010 9.212 1.066
9.324 11.236 -4.977 -52.534 0.009 0.010 9.324 1.067
9.436 11.181 -5.496 -51.842 0.010 0.010 9.436 1.068
9.547 11.121 -6.007 -51.146 0.012 0.010 9.547 1.069
9.658 11.056 -6.512 -50.451 0.013 0.010 9.658 1.071
9.768 10.986 -7.009 -49.759 0.015 0.010 9.768 1.072
9.877 10.911 -7.500 -49.073 0.017 0.010 9.877 1.074
9.985 10.831 -7.984 -48.397 0.019 0.010 9.985 1.076
10.093 10.746 -8.461 -47.734 0.021 0.010 10.093 1.078
10.199 10.657 -8.932 -47.086 0.024 0.010 10.199 1.080
10.305 10.563 -9.397 -46.457 0.026 0.010 10.305 1.083
10.410 10.464 -9.855 -45.850 0.029 0.010 10.409 1.086
10.513 10.363 -10.091 -23.551 0.031 0.010 10.513 1.089
10.616 10.263 -10.081 1.011 0.034 0.010 10.616 1.092
10.717 10.162 -10.043 3.730 0.037 0.010 10.717 1.096
10.818 10.062 -10.003 3.982 0.040 0.010 10.818 1.100
10.918 9.962 -9.961 4.212 0.043 0.010 10.917 1.104
11.016 9.863 -9.917 4.422 0.046 0.010 11.016 1.108
11.114 9.765 -9.871 4.611 0.049 0.010 11.113 1.113
11.211 9.666 -9.823 4.781 0.052 0.010 11.210 1.118
11.306 9.569 -9.774 4.931 0.056 0.010 11.305 1.123
11.401 9.471 -9.723 5.062 0.059 0.010 11.400 1.128
11.495 9.375 -9.671 5.176 0.063 0.010 11.493 1.134
11.588 9.278 -9.619 5.271 0.067 0.010 11.586 1.140
11.679 9.183 -9.565 5.348 0.070 0.010 11.678 1.146
11.770 9.088 -9.511 5.409 0.074 0.010 11.768 1.153
11.860 8.993 -9.457 5.453 0.078 0.010 11.858 1.160
11.949 8.899 -9.402 5.480 0.081 0.010 11.947 1.167
12.037 8.806 -9.347 5.492 0.085 0.010 12.034 1.174
12.124 8.713 -9.292 5.488 0.089 0.010 12.121 1.182
12.211 8.620 -9.237 5.470 0.093 0.010 12.207 1.190
12.296 8.529 -9.183 5.437 0.097 0.010 12.292 1.198
12.380 8.437 -9.129 5.391 0.101 0.010 12.376 1.206
12.464 8.346 -9.076 5.331 0.105 0.010 12.459 1.215
12.546 8.256 -9.023 5.259 0.109 0.010 12.541 1.223
12.628 8.167 -8.971 5.175 0.113 0.010 12.622 1.232
12.709 8.077 -8.921 5.080 0.117 0.010 12.702 1.242
12.789 7.989 -8.871 4.973 0.121 0.010 12.782 1.251
12.868 7.900 -8.822 4.857 0.125 0.010 12.860 1.261
12.946 7.813 -8.775 4.732 0.129 0.010 12.938 1.271
13.023 7.725 -8.729 4.598 0.133 0.010 13.014 1.281
13.099 7.639 -8.684 4.456 0.137 0.010 13.090 1.291
13.175 7.552 -8.641 4.307 0.140 0.010 13.165 1.301
13.250 7.466 -8.600 4.152 0.144 0.010 13.239 1.312
13.323 7.381 -8.560 3.991 0.148 0.010 13.312 1.323
13.396 7.295 -8.522 3.824 0.152 0.010 13.384 1.334
13.468 7.210 -8.485 3.654 0.156 0.010 13.455 1.345
13.540 7.126 -8.450 3.480 0.159 0.010 13.526 1.356
13.610 7.042 -8.417 3.303 0.163 0.010 13.595 1.367
13.680 6.958 -8.386 3.123 0.166 0.010 13.664 1.379
13.748 6.874 -8.357 2.942 0.170 0.010 13.731 1.390
13.816 6.791 -8.329 2.760 0.173 0.010 13.798 1.402
13.883 6.708 -8.303 2.577 0.177 0.010 13.864 1.413
13.950 6.625 -8.279 2.394 0.180 0.010 13.930 1.425
14.015 6.543 -8.257 2.212 0.183 0.010 13.994 1.437
14.080 6.460 -8.237 2.031 0.187 0.010 14.057 1.449
14.143 6.378 -8.218 1.851 0.190 0.010 14.120 1.461
14.206 6.296 -8.202 1.673 0.193 0.010 14.182 1.473
14.269 6.214 -8.187 1.498 0.196 0.010 14.243 1.485
14.330 6.132 -8.173 1.325 0.199 0.010 14.303 1.497
14.390 6.051 -8.162 1.155 0.202 0.010 14.362 1.509
14.450 5.969 -8.152 0.989 0.204 0.010 14.421 1.521
14.509 5.888 -8.144 0.826 0.207 0.010 14.478 1.533
14.567 5.807 -8.137 0.667 0.210 0.010 14.535 1.545
14.624 5.725 -8.132 0.512 0.212 0.010 14.591 1.557
14.681 5.644 -8.128 0.361 0.215 0.010 14.646 1.569
14.736 5.563 -8.126 0.215 0.217 0.010 14.701 1.581
14.791 5.481 -8.126 0.073 0.220 0.010 14.754 1.593
14.845 5.400 -8.126 -0.064 0.222 0.010 14.807 1.604
14.898 5.319 -8.128 -0.196 0.224 0.010 14.859 1.616
14.951 5.238 -8.131 -0.324 0.226 0.010 14.910 1.628
15.002 5.156 -8.136 -0.446 0.228 0.010 14.960 1.639
15.053 5.075 -8.141 -0.564 0.230 0.010 15.009 1.651
15.103 4.993 -8.148 -0.676 0.232 0.010 15.058 1.662
15.152 4.912 -8.156 -0.784 0.234 0.010 15.106 1.674
15.200 4.830 -8.165 -0.886 0.235 0.010 15.153 1.685
15.248 4.748 -8.175 -0.984 0.237 0.010 15.199 1.696
15.295 4.666 -8.186 -1.076 0.239 0.010 15.244 1.707
15.340 4.585 -8.197 -1.163 0.240 0.010 15.289 1.718
15.385 4.502 -8.210 -1.246 0.242 0.010 15.333 1.729
15.430 4.420 -8.223 -1.323 0.243 0.010 15.376 1.739
15.473 4.338 -8.237 -1.396 0.244 0.010 15.418 1.750
15.516 4.255 -8.251 -1.463 0.246 0.010 15.459 1.760
15.557 4.173 -8.267 -1.526 0.247 0.010 15.499 1.770
15.598 4.090 -8.283 -1.584 0.248 0.010 15.539 1.780
15.638 4.007 -8.299 -1.637 0.249 0.010 15.578 1.790
15.678 3.924 -8.316 -1.685 0.250 0.010 15.616 1.800
15.716 3.840 -8.333 -1.729 0.251 0.010 15.653 1.809
15.753 3.757 -8.351 -1.768 0.252 0.010 15.690 1.819
15.790 3.673 -8.369 -1.802 0.253 0.010 15.725 1.828
15.826 3.589 -8.387 -1.832 0.253 0.010 15.760 1.837
15.861 3.505 -8.406 -1.858 0.254 0.010 15.794 1.846
15.895 3.421 -8.424 -1.879 0.255 0.010 15.827 1.854
15.929 3.337 -8.443 -1.896 0.256 0.010 15.859 1.863
15.961 3.252 -8.462 -1.908 0.256 0.010 15.891 1.871
15.993 3.167 -8.482 -1.916 0.257 0.010 15.921 1.879
16.024 3.082 -8.501 -1.921 0.257 0.010 15.951 1.887
16.054 2.997 -8.520 -1.921 0.258 0.010 15.980 1.894
16.083 2.911 -8.539 -1.916 0.258 0.010 16.008 1.902
16.111 2.826 -8.558 -1.908 0.259 0.010 16.036 1.909
16.138 2.740 -8.577 -1.896 0.259 0.010 16.062 1.916
16.165 2.654 -8.596 -1.881 0.259 0.010 16.088 1.923
16.191 2.568 -8.615 -1.861 0.260 0.010 16.112 1.929
16.216 2.482 -8.633 -1.838 0.260 0.010 16.136 1.936
16.239 2.395 -8.651 -1.811 0.260 0.010 16.160 1.942
16.263 2.308 -8.669 -1.781 0.260 0.010 16.182 1.948
16.285 2.222 -8.686 -1.747 0.261 0.010 16.203 1.954
16.306 2.135 -8.704 -1.710 0.261 0.010 16.224 1.959
16.327 2.047 -8.720 -1.669 0.261 0.010 16.244 1.964
16.346 1.960 -8.736 -1.625 0.261 0.010 16.263 1.969
16.365 1.873 -8.752 -1.579 0.261 0.010 16.281 1.974
16.383 1.785 -8.768 -1.529 0.261 0.010 16.298 1.979
16.400 1.697 -8.782 -1.476 0.261 0.010 16.314 1.983
16.416 1.609 -8.797 -1.421 0.261 0.010 16.330 1.987
16.431 1.521 -8.810 -1.363 0.262 0.010 16.345 1.991
16.445 1.433 -8.823 -1.302 0.262 0.010 16.359 1.995
16.459 1.344 -8.836 -1.239 0.262 0.010 16.372 1.999
16.471 1.256 -8.847 -1.174 0.262 0.010 16.384 2.002
16.483 1.167 -8.858 -1.106 0.262 0.010 16.395 2.005
16.494 1.079 -8.869 -1.037 0.262 0.010 16.405 2.008
16.504 0.990 -8.878 -0.965 0.262 0.010 16.415 2.010
16.513 0.901 -8.887 -0.892 0.262 0.010 16.424 2.013
16.521 0.812 -8.895 -0.817 0.262 0.010 16.431 2.015
16.528 0.725 -8.680 21.549 0.262 0.010 16.438 2.017
16.535 0.643 -8.216 46.445 0.262 0.010 16.445 2.018
16.540 0.566 -7.725 49.061 0.262 0.010 16.450 2.020
16.545 0.493 -7.233 49.163 0.262 0.010 16.455 2.021
16.549 0.426 -6.741 49.252 0.262 0.010 16.459 2.022
16.553 0.364 -6.247 49.330 0.262 0.010 16.463 2.023
16.556 0.306 -5.754 49.397 0.262 0.010 16.465 2.024
16.559 0.253 -5.259 49.455 0.262 0.010 16.468 2.024
16.561 0.206 -4.764 49.503 0.262 0.010 16.470 2.025
16.562 0.163 -4.269 49.542 0.262 0.010 16.471 2.025
16.564 0.125 -3.773 49.574 0.262 0.010 16.473 2.026
16.564 0.093 -3.277 49.599 0.262 0.010 16.474 2.026
16.565 0.065 -2.781 49.618 0.262 0.010 16.474 2.026
16.566 0.042 -2.284 49.632 0.262 0.010 16.475 2.026
16.566 0.024 -1.788 49.641 0.262 0.010 16.475 2.026
16.566 0.011 -1.291 49.647 0.262 0.010 16.475 2.026
16.566 0.003 -0.795 49.650 0.262 0.010 16.475 2.026
16.566 0.000 -0.298 49.651 0.262 0.010 16.475 2.026
16.566 0.000 -0.025 27.332 0.262 0.010 16.475 2.026
0.000 0.005 0.497 49.652 0.000 0.010 0.000 -1.063
0.000 0.010 0.497 0.000 0.000 0.010 0.000 -1.063
0.000 0.022 1.241 74.477 0.000 0.010 0.000 -1.063
0.001 0.040 1.738 49.652 0.000 0.010 0.001 -1.063
0.001 0.062 2.234 49.652 0.000 0.010 0.001 -1.063
0.002 0.089 2.731 49.652 0.000 0.010 0.002 -1.063
0.003 0.122 3.227 49.652 0.000 0.010 0.003 -1.063
0.005 0.159 3.724 49.652 0.000 0.010 0.005 -1.063
0.007 0.201 4.220 49.652 0.000 0.010 0.007 -1.063
0.010 0.248 4.717 49.652 0.000 0.010 0.010 -1.063
0.013 0.300 5.213 49.652 0.000 0.010 0.013 -1.063
0.016 0.357 5.710 49.652 0.000 0.010 0.016 -1.063
0.020 0.420 6.206 49.652 0.000 0.010 0.020 -1.063
0.025 0.487 6.703 49.652 0.000 0.010 0.025 -1.063
0.031 0.559 7.199 49.652 0.000 0.010 0.031 -1.063
0.037 0.636 7.696 49.652 0.000 0.010 0.037 -1.063
0.044 0.717 8.193 49.652 0.000 0.010 0.044 -1.063
0.052 0.804 8.689 49.652 0.000 0.010 0.052 -1.063
0.061 0.894 8.937 24.826 0.000 0.010 0.061 -1.063
0.071 0.983 8.937 -0.000 0.000 0.010 0.071 -1.063
0.082 1.072 8.937 0.000 0.000 0.010 0.082 -1.063
0.093 1.162 8.937 -0.000 0.000 0.010 0.093 -1.063
0.106 1.251 8.937 0.000 0.000 0.010 0.106 -1.063
0.119 1.341 8.937 0.000 0.000 0.010 0.119 -1.063
0.134 1.430 8.937 -0.000 0.000 0.010 0.134 -1.063
0.149 1.519 8.937 0.000 0.000 0.010 0.149 -1.063
0.165 1.609 8.937 -0.000 0.000 0.010 0.165 -1.063
0.182 1.698 8.937 0.000 0.000 0.010 0.182 -1.063
0.200 1.787 8.937 -0.000 0.000 0.010 0.200 -1.063
0.219 1.877 8.937 -0.000 0.000 0.010 0.219 -1.063
0.238 1.966 8.937 -0.000 0.000 0.010 0.238 -1.063
0.259 2.056 8.937 0.000 0.000 0.010 0.259 -1.063
0.280 2.145 8.937 0.000 0.000 0.010 0.280 -1.063
0.303 2.234 8.937 -0.000 0.000 0.010 0.303 -1.063
0.326 2.324 8.937 0.000 0.000 0.010 0.326 -1.063
0.350 2.413 8.937 -0.000 0.000 0.010 0.350 -1.063
0.375 2.502 8.937 0.000 0.000 0.010 0.375 -1.063
0.401 2.592 8.937 -0.000 0.000 0.010 0.401 -1.063
0.428 2.681 8.937 0.000 0.000 0.010 0.428 -1.063
0.455 2.771 8.937 0.000 0.000 0.010 0.455 -1.063
0.484 2.860 8.937 -0.000 0.000 0.010 0.484 -1.063
0.514 2.949 8.937 -0.000 0.000 0.010 0.514 -1.063
0.544 3.039 8.937 -0.000 0.000 0.010 0.544 -1.063
0.575 3.128 8.937 0.000 0.000 0.010 0.575 -1.063
0.607 3.217 8.937 -0.000 0.000 0.010 0.607 -1.063
0.640 3.307 8.937 0.000 0.000 0.010 0.640 -1.063
0.674 3.396 8.937 0.000 0.000 0.010 0.674 -1.063
0.709 3.486 8.937 0.000 0.000 0.010 0.709 -1.063
0.745 3.575 8.937 -0.000 0.000 0.010 0.745 -1.063
0.782 3.664 8.937 0.000 0.000 0.010 0.782 -1.063
0.819 3.754 8.937 0.000 0.000 0.010 0.819 -1.063
0.858 3.843 8.937 0.000 0.000 0.010 0.858 -1.063
0.897 3.932 8.937 -0.000 0.000 0.010 0.897 -1.063
0.937 4.022 8.937 0.000 0.000 0.010 0.937 -1.063
0.978 4.111 8.937 0.000 0.000 0.010 0.978 -1.063
1.020 4.201 8.937 -0.000 0.000 0.010 1.020 -1.063
1.063 4.290 8.937 0.000 0.000 0.010 1.063 -1.063
1.107 4.379 8.937 -0.000 0.000 0.010 1.107 -1.063
1.152 4.469 8.937 -0.000 0.000 0.010 1.152 -1.063
1.197 4.558 8.937 0.000 0.000 0.010 1.197 -1.063
1.244 4.647 8.937 0.000 0.000 0.010 1.244 -1.063
1.291 4.737 8.937 -0.000 0.000 0.010 1.291 -1.063
1.339 4.826 8.937 0.000 0.000 0.010 1.339 -1.063
1.388 4.916 8.937 -0.000 0.000 0.010 1.388 -1.063
1.439 5.005 8.937 0.000 0.000 0.010 1.439 -1.063
1.489 5.094 8.937 0.000 0.000 0.010 1.489 -1.063
1.541 5.184 8.937 -0.000 0.000 0.010 1.541 -1.063
1.594 5.273 8.937 0.000 0.000 0.010 1.594 -1.063
1.648 5.362 8.937 -0.000 0.000 0.010 1.648 -1.063
1.702 5.452 8.937 0.000 0.000 0.010 1.702 -1.063
1.758 5.541 8.937 -0.000 0.000 0.010 1.758 -1.063
1.814 5.630 8.937 0.000 0.000 0.010 1.814 -1.063
1.871 5.720 8.937 -0.000 0.000 0.010 1.871 -1.063
1.929 5.809 8.937 0.000 0.000 0.010 1.929 -1.063
1.988 5.899 8.937 -0.000 0.000 0.010 1.988 -1.063
2.048 5.988 8.937 0.000 0.000 0.010 2.048 -1.063
2.109 6.077 8.937 -0.000 0.000 0.010 2.109 -1.063
2.170 6.167 8.937 0.000 0.000 0.010 2.170 -1.063
2.233 6.256 8.937 -0.000 0.000 0.010 2.233 -1.063
2.297 6.345 8.937 0.000 0.000 0.010 2.297 -1.063
2.361 6.435 8.937 0.000 0.000 0.010 2.361 -1.063
2.426 6.524 8.937 0.000 0.000 0.010 2.426 -1.063
2.492 6.614 8.937 -0.000 0.000 0.010 2.492 -1.063
2.559 6.703 8.937 -0.000 0.000 0.010 2.559 -1.063
2.627 6.792 8.937 0.000 0.000 0.010 2.627 -1.063
2.696 6.882 8.937 -0.000 0.000 0.010 2.696 -1.063
2.766 6.971 8.937 0.000 0.000 0.010 2.766 -1.063
2.836 7.060 8.937 0.000 0.000 0.010 2.836 -1.063
2.908 7.150 8.937 -0.000 0.000 0.010 2.908 -1.063
2.980 7.239 8.937 0.000 0.000 0.010 2.980 -1.063
3.053 7.329 8.937 -0.000 0.000 0.010 3.053 -1.063
3.128 7.418 8.937 0.000 0.000 0.010 3.128 -1.063
3.203 7.507 8.937 -0.000 0.000 0.010 3.203 -1.063
3.279 7.597 8.937 0.000 0.000 0.010 3.279 -1.063
3.356 7.686 8.937 0.000 0.000 0.010 3.356 -1.063
3.433 7.775 8.937 0.000 0.000 0.010 3.433 -1.063
3.512 7.865 8.937 0.000 0.000 0.010 3.512 -1.063
3.592 7.954 8.937 0.000 0.000 0.010 3.592 -1.063
3.672 8.044 8.937 -0.000 0.000 0.010 3.672 -1.063
3.753 8.133 8.937 -0.000 0.000 0.010 3.753 -1.063
3.836 8.222 8.937 -0.000 0.000 0.010 3.836 -1.063
3.919 8.312 8.937 0.000 0.000 0.010 3.919 -1.063
4.003 8.401 8.937 -0.000 0.000 0.010 4.003 -1.063
4.088 8.490 8.937 0.000 0.000 0.010 4.088 -1.063
4.173 8.580 8.937 -0.000 0.000 0.010 4.173 -1.063
4.260 8.669 8.937 0.000 0.000 0.010 4.260 -1.063
4.348 8.759 8.937 0.000 0.000 0.010 4.348 -1.063
4.436 8.848 8.937 -0.000 0.000 0.010 4.436 -1.063
4.525 8.937 8.937 0.000 0.000 0.010 4.525 -1.063
4.616 9.027 8.937 0.000 0.000 0.010 4.616 -1.063
4.707 9.116 8.937 -0.000 0.000 0.010 4.707 -1.063
4.799 9.205 8.937 0.000 0.000 0.010 4.799 -1.063
4.892 9.295 8.937 -0.000 0.000 0.010 4.892 -1.063
4.986 9.384 8.937 0.000 0.000 0.010 4.986 -1.063
5.080 9.474 8.937 -0.000 0.000 0.010 5.080 -1.063
5.176 9.563 8.937 0.000 0.000 0.010 5.176 -1.063
5.273 9.652 8.937 0.000 0.000 0.010 5.273 -1.063
5.370 9.742 8.937 0.000 0.000 0.010 5.370 -1.063
5.468 9.831 8.937 0.000 0.000 0.010 5.468 -1.063
5.568 9.920 8.937 0.000 0.000 0.010 5.568 -1.063
5.668 10.010 8.937 -0.000 0.000 0.010 5.668 -1.063
5.769 10.099 8.937 0.000 0.000 0.010 5.769 -1.063
5.871 10.188 8.937 -0.000 0.000 0.010 5.871 -1.063
5.973 10.278 8.937 0.000 0.000 0.010 5.973 -1.063
6.077 10.367 8.937 0.000 0.000 0.010 6.077 -1.063
6.182 10.457 8.937 0.000 0.000 0.010 6.182 -1.063
6.287 10.546 8.937 0.000 0.000 0.010 6.287 -1.063
6.393 10.635 8.937 -0.000 0.000 0.010 6.393 -1.063
6.501 10.725 8.937 -0.000 0.000 0.010 6.501 -1.063
6.609 10.812 8.689 -24.826 0.000 0.010 6.609 -1.063
6.718 10.894 8.193 -49.652 0.000 0.010 6.718 -1.063
6.827 10.971 7.696 -49.652 0.000 0.010 6.827 -1.063
6.938 11.043 7.199 -49.652 0.000 0.010 6.938 -1.063
7.049 11.109 6.682 -51.704 6.283 0.010 7.049 -1.063
7.161 11.170 6.064 -61.833 6.283 0.010 7.161 -1.063
7.273 11.226 5.636 -42.837 6.283 0.010 7.273 -1.063
7.386 11.279 5.246 -38.958 6.283 0.010 7.386 -1.063
7.499 11.327 4.856 -39.045 6.283 0.010 7.499 -1.063
7.613 11.372 4.464 -39.192 6.283 0.010 7.613 -1.063
7.727 11.413 4.070 -39.397 0.000 0.010 7.727 -1.063
7.841 11.449 3.673 -39.656 0.000 0.010 7.841 -1.063
7.956 11.482 3.274 -39.967 0.000 0.010 7.956 -1.063
8.071 11.511 2.870 -40.327 0.000 0.010 8.071 -1.062
8.187 11.535 2.463 -40.733 0.001 0.010 8.187 -1.062
8.302 11.556 2.051 -41.182 0.001 0.010 8.302 -1.062
8.418 11.572 1.634 -41.671 0.001 0.010 8.418 -1.062
8.534 11.582 0.988 -64.631 0.002 0.010 8.534 -1.062
8.649 11.586 0.335 -65.271 0.003 0.010 8.649 -1.062
8.765 11.585 -0.099 -43.474 0.003 0.010 8.765 -1.061
8.881 11.579 -0.540 -44.099 0.004 0.010 8.881 -1.061
8.997 11.569 -0.988 -44.745 0.005 0.010 8.997 -1.060
9.112 11.555 -1.442 -45.407 0.006 0.010 9.112 -1.060
9.228 11.536 -1.903 -46.083 0.007 0.010 9.228 -1.059
9.343 11.512 -2.370 -46.769 0.009 0.010 9.343 -1.058
9.458 11.484 -2.845 -47.461 0.010 0.010 9.458 -1.057
9.572 11.450 -3.327 -48.157 0.012 0.010 9.572 -1.056
9.686 11.412 -3.815 -48.852 0.013 0.010 9.686 -1.054
9.800 11.369 -4.310 -49.545 0.015 0.010 9.800 -1.053
9.913 11.321 -4.813 -50.230 0.017 0.010 9.913 -1.051
10.026 11.268 -5.322 -50.906 0.019 0.010 10.026 -1.049
10.138 11.209 -5.838 -51.570 0.021 0.010 10.138 -1.047
10.249 11.146 -6.360 -52.217 0.024 0.010 10.249 -1.044
10.360 11.077 -6.888 -52.846 0.026 0.010 10.360 -1.041
10.470 11.003 -7.423 -53.453 0.029 0.010 10.470 -1.038
10.579 10.925 -7.734 -31.113 0.031 0.010 10.579 -1.035
10.688 10.847 -7.794 -6.024 0.034 0.010 10.688 -1.032
10.796 10.769 -7.831 -3.730 0.037 0.010 10.795 -1.028
10.903 10.690 -7.871 -3.982 0.040 0.010 10.902 -1.024
11.009 10.611 -7.913 -4.212 0.043 0.010 11.008 -1.019
11.114 10.532 -7.958 -4.421 0.046 0.010 11.113 -1.015
11.219 10.452 -8.004 -4.611 0.049 0.010 11.218 -1.010
11.322 10.371 -8.051 -4.780 0.052 0.010 11.321 -1.004
11.425 10.290 -8.101 -4.931 0.056 0.010 11.424 -0.999
11.527 10.209 -8.151 -5.062 0.059 0.010 11.526 -0.993
11.628 10.127 -8.203 -5.175 0.063 0.010 11.627 -0.987
11.729 10.044 -8.256 -5.270 0.067 0.010 11.727 -0.980
11.829 9.961 -8.309 -5.348 0.070 0.010 11.827 -0.973
11.927 9.877 -8.363 -5.409 0.074 0.010 11.925 -0.966
12.025 9.793 -8.418 -5.452 0.078 0.010 12.023 -0.959
12.122 9.708 -8.473 -5.480 0.081 0.010 12.120 -0.951
12.219 9.623 -8.528 -5.492 0.085 0.010 12.216 -0.943
12.314 9.537 -8.583 -5.488 0.089 0.010 12.311 -0.935
12.408 9.451 -8.637 -5.470 0.093 0.010 12.405 -0.926
12.502 9.364 -8.692 -5.437 0.097 0.010 12.498 -0.917
12.595 9.277 -8.745 -5.390 0.101 0.010 12.590 -0.908
12.687 9.189 -8.799 -5.331 0.105 0.010 12.682 -0.899
12.778 9.100 -8.851 -5.259 0.109 0.010 12.772 -0.889
12.868 9.011 -8.903 -5.175 0.113 0.010 12.862 -0.879
12.957 8.922 -8.954 -5.079 0.117 0.010 12.950 -0.869
13.045 8.831 -9.004 -4.973 0.121 0.010 13.038 -0.858
13.133 8.741 -9.052 -4.857 0.125 0.010 13.125 -0.848
13.219 8.650 -9.100 -4.732 0.129 0.010 13.210 -0.837
13.305 8.559 -9.146 -4.598 0.133 0.010 13.295 -0.826
13.390 8.467 -9.190 -4.456 0.137 0.010 13.379 -0.814
13.473 8.374 -9.233 -4.307 0.140 0.010 13.462 -0.803
13.556 8.282 -9.275 -4.152 0.144 0.010 13.544 -0.791
13.638 8.188 -9.315 -3.990 0.148 0.010 13.625 -0.779
13.719 8.095 -9.353 -3.824 0.152 0.010 13.705 -0.767
13.799 8.001 -9.389 -3.654 0.156 0.010 13.784 -0.755
13.878 7.907 -9.424 -3.480 0.159 0.010 13.862 -0.742
13.956 7.812 -9.457 -3.302 0.163 0.010 13.939 -0.730
14.033 7.717 -9.488 -3.123 0.166 0.010 14.016 -0.717
14.110 7.622 -9.518 -2.942 0.170 0.010 14.091 -0.704
14.185 7.527 -9.545 -2.760 0.173 0.010 14.165 -0.691
14.259 7.431 -9.571 -2.577 0.177 0.010 14.238 -0.679
14.332 7.335 -9.595 -2.394 0.180 0.010 14.310 -0.666
14.405 7.239 -9.617 -2.212 0.183 0.010 14.381 -0.652
14.476 7.142 -9.638 -2.031 0.187 0.010 14.452 -0.639
14.547 7.046 -9.656 -1.851 0.190 0.010 14.521 -0.626
14.616 6.949 -9.673 -1.673 0.193 0.010 14.589 -0.613
14.685 6.852 -9.688 -1.498 0.196 0.010 14.656 -0.600
14.752 6.755 -9.701 -1.325 0.199 0.010 14.723 -0.586
14.819 6.658 -9.713 -1.155 0.202 0.010 14.788 -0.573
14.884 6.561 -9.722 -0.989 0.204 0.010 14.852 -0.560
14.949 6.464 -9.731 -0.826 0.207 0.010 14.915 -0.547
15.013 6.366 -9.737 -0.667 0.210 0.010 14.978 -0.534
15.075 6.269 -9.743 -0.512 0.212 0.010 15.039 -0.520
15.137 6.171 -9.746 -0.361 0.215 0.010 15.099 -0.507
15.198 6.074 -9.748 -0.215 0.217 0.010 15.159 -0.494
15.258 5.976 -9.749 -0.073 0.220 0.010 15.217 -0.481
15.316 5.879 -9.748 0.064 0.222 0.010 15.274 -0.469
15.374 5.781 -9.746 0.196 0.224 0.010 15.331 -0.456
15.431 5.684 -9.743 0.324 0.226 0.010 15.386 -0.443
15.487 5.587 -9.739 0.446 0.228 0.010 15.441 -0.431
15.542 5.489 -9.733 0.564 0.230 0.010 15.494 -0.418
15.596 5.392 -9.726 0.676 0.232 0.010 15.546 -0.406
15.649 5.295 -9.718 0.784 0.234 0.010 15.598 -0.393
15.701 5.198 -9.710 0.886 0.235 0.010 15.649 -0.381
15.752 5.101 -9.700 0.984 0.237 0.010 15.698 -0.369
15.802 5.004 -9.689 1.076 0.239 0.010 15.747 -0.358
15.851 4.907 -9.677 1.163 0.240 0.010 15.794 -0.346
15.899 4.810 -9.665 1.246 0.242 0.010 15.841 -0.335
15.946 4.714 -9.652 1.323 0.243 0.010 15.887 -0.323
15.992 4.618 -9.638 1.396 0.244 0.010 15.932 -0.312
16.037 4.521 -9.623 1.463 0.246 0.010 15.976 -0.301
16.082 4.425 -9.608 1.526 0.247 0.010 16.019 -0.290
16.125 4.329 -9.592 1.584 0.248 0.010 16.060 -0.280
16.167 4.234 -9.576 1.637 0.249 0.010 16.102 -0.269
16.209 4.138 -9.559 1.685 0.250 0.010 16.142 -0.259
16.249 4.043 -9.542 1.729 0.251 0.010 16.181 -0.249
16.289 3.947 -9.524 1.768 0.252 0.010 16.219 -0.239
16.327 3.852 -9.506 1.802 0.253 0.010 16.256 -0.230
16.365 3.757 -9.487 1.832 0.253 0.010 16.293 -0.220
16.401 3.663 -9.469 1.858 0.254 0.010 16.328 -0.211
16.437 3.568 -9.450 1.879 0.255 0.010 16.363 -0.202
16.472 3.474 -9.431 1.896 0.256 0.010 16.396 -0.193
16.506 3.380 -9.412 1.908 0.256 0.010 16.429 -0.185
16.538 3.286 -9.393 1.916 0.257 0.010 16.461 -0.176
16.570 3.192 -9.374 1.921 0.257 0.010 16.492 -0.168
16.601 3.099 -9.355 1.921 0.258 0.010 16.522 -0.160
16.631 3.005 -9.335 1.916 0.258 0.010 16.551 -0.153
16.660 2.912 -9.316 1.908 0.259 0.010 16.579 -0.145
16.689 2.819 -9.297 1.896 0.259 0.010 16.606 -0.138
16.716 2.726 -9.278 1.881 0.259 0.010 16.632 -0.131
16.742 2.634 -9.260 1.861 0.260 0.010 16.658 -0.124
16.768 2.541 -9.241 1.838 0.260 0.010 16.682 -0.118
16.792 2.449 -9.223 1.811 0.260 0.010 16.706 -0.112
16.816 2.357 -9.206 1.781 0.260 0.010 16.729 -0.105
16.838 2.265 -9.188 1.747 0.261 0.010 16.751 -0.100
16.860 2.173 -9.171 1.710 0.261 0.010 16.772 -0.094
16.881 2.082 -9.154 1.669 0.261 0.010 16.792 -0.089
16.901 1.990 -9.138 1.625 0.261 0.010 16.811 -0.084
16.920 1.899 -9.122 1.579 0.261 0.010 16.829 -0.079
16.938 1.808 -9.107 1.529 0.261 0.010 16.847 -0.074
16.955 1.717 -9.092 1.476 0.261 0.010 16.864 -0.070
16.971 1.626 -9.078 1.421 0.261 0.010 16.879 -0.065
16.987 1.536 -9.064 1.363 0.262 0.010 16.894 -0.061
17.001 1.445 -9.051 1.302 0.262 0.010 16.908 -0.058
17.015 1.355 -9.039 1.239 0.262 0.010 16.921 -0.054
17.027 1.265 -9.027 1.174 0.262 0.010 16.933 -0.051
17.039 1.174 -9.016 1.106 0.262 0.010 16.945 -0.048
17.050 1.084 -9.006 1.037 0.262 0.010 16.955 -0.045
17.060 0.994 -8.996 0.965 0.262 0.010 16.965 -0.042
17.069 0.905 -8.987 0.892 0.262 0.010 16.974 -0.040
17.077 0.815 -8.979 0.817 0.262 0.010 16.981 -0.038
17.084 0.727 -8.748 23.089 0.262 0.010 16.988 -0.036
17.091 0.645 -8.270 47.845 0.262 0.010 16.995 -0.034
17.096 0.567 -7.767 50.242 0.262 0.010 17.000 -0.033
17.101 0.494 -7.266 50.141 0.262 0.010 17.005 -0.032
17.106 0.427 -6.765 50.051 0.262 0.010 17.009 -0.031
17.109 0.364 -6.266 49.973 0.262 0.010 17.013 -0.030
17.112 0.306 -5.767 49.906 0.262 0.010 17.015 -0.029
17.115 0.254 -5.268 49.848 0.262 0.010 17.018 -0.028
17.117 0.206 -4.770 49.800 0.262 0.010 17.020 -0.028
17.119 0.163 -4.273 49.761 0.262 0.010 17.021 -0.027
17.120 0.125 -3.775 49.729 0.262 0.010 17.023 -0.027
17.121 0.093 -3.278 49.704 0.262 0.010 17.024 -0.027
17.121 0.065 -2.781 49.685 0.262 0.010 17.024 -0.027
17.122 0.042 -2.285 49.671 0.262 0.010 17.025 -0.026
17.122 0.024 -1.788 49.662 0.262 0.010 17.025 -0.026
17.122 0.011 -1.291 49.656 0.262 0.010 17.025 -0.026
17.122 0.003 -0.795 49.653 0.262 0.010 17.025 -0.026
17.122 0.000 -0.298 49.652 0.262 0.010 17.025 -0.026
17.122 0.000 -0.025 27.332 0.262 0.010 17.025 -0.026
