InsideLanePathFar
280
0.000 0.005 0.499 49.933 0.000 0.010 0.000 1.063
0.000 0.010 0.499 0.000 0.000 0.010 0.000 1.063
0.000 0.022 1.248 74.899 0.000 0.010 0.000 1.063
0.001 0.040 1.748 49.933 0.000 0.010 0.001 1.063
0.001 0.062 2.247 49.933 0.000 0.010 0.001 1.063
0.002 0.090 2.746 49.933 0.000 0.010 0.002 1.063
0.003 0.122 3.246 49.933 0.000 0.010 0.003 1.063
0.005 0.160 3.745 49.933 0.000 0.010 0.005 1.063
0.007 0.202 4.244 49.933 0.000 0.010 0.007 1.063
0.010 0.250 4.744 49.933 0.000 0.010 0.010 1.063
0.013 0.302 5.243 49.933 0.000 0.010 0.013 1.063
0.016 0.360 5.742 49.933 0.000 0.010 0.016 1.063
0.020 0.422 6.242 49.933 0.000 0.010 0.020 1.063
0.025 0.489 6.741 49.933 0.000 0.010 0.025 1.063
0.031 0.562 7.240 49.933 0.000 0.010 0.031 1.063
0.037 0.639 7.740 49.933 0.000 0.010 0.037 1.063
0.045 0.719 7.989 24.966 0.000 0.010 0.045 1.063
0.053 0.799 7.989 -0.000 0.000 0.010 0.053 1.063
0.061 0.879 7.989 0.000 0.000 0.010 0.061 1.063
0.071 0.959 7.989 -0.000 0.000 0.010 0.071 1.063
0.081 1.039 7.989 0.000 0.000 0.010 0.081 1.063
0.092 1.118 7.989 0.000 0.000 0.010 0.092 1.063
0.104 1.198 7.989 -0.000 0.000 0.010 0.104 1.063
0.117 1.278 7.989 0.000 0.000 0.010 0.117 1.063
0.131 1.358 7.989 0.000 0.000 0.010 0.131 1.063
0.145 1.438 7.989 0.000 0.000 0.010 0.145 1.063
0.160 1.518 7.989 -0.000 0.000 0.010 0.160 1.063
0.176 1.598 7.989 -0.000 0.000 0.010 0.176 1.063
0.193 1.678 7.989 0.000 0.000 0.010 0.193 1.063
0.211 1.758 7.989 -0.000 0.000 0.010 0.211 1.063
0.229 1.838 7.989 -0.000 0.000 0.010 0.229 1.063
0.248 1.917 7.989 0.000 0.000 0.010 0.248 1.063
0.268 1.997 7.989 0.000 0.000 0.010 0.268 1.063
0.289 2.077 7.989 -0.000 0.000 0.010 0.289 1.063
0.311 2.157 7.989 0.000 0.000 0.010 0.311 1.063
0.333 2.237 7.989 -0.000 0.000 0.010 0.333 1.063
0.356 2.317 7.989 0.000 0.000 0.010 0.356 1.063
0.380 2.397 7.989 -0.000 0.000 0.010 0.380 1.063
0.405 2.477 7.989 0.000 0.000 0.010 0.405 1.063
0.430 2.557 7.989 -0.000 0.000 0.010 0.430 1.063
0.457 2.636 7.989 0.000 0.000 0.010 0.457 1.063
0.484 2.716 7.989 -0.000 0.000 0.010 0.484 1.063
0.512 2.796 7.989 -0.000 0.000 0.010 0.512 1.063
0.541 2.876 7.989 -0.000 0.000 0.010 0.541 1.063
0.570 2.956 7.989 0.000 0.000 0.010 0.570 1.063
0.601 3.036 7.989 -0.000 0.000 0.010 0.601 1.063
0.632 3.116 7.989 0.000 0.000 0.010 0.632 1.063
0.664 3.196 7.989 -0.000 0.000 0.010 0.664 1.063
0.696 3.276 7.989 -0.000 0.000 0.010 0.696 1.063
0.730 3.355 7.989 0.000 0.000 0.010 0.730 1.063
0.764 3.435 7.989 0.000 0.000 0.010 0.764 1.063
0.800 3.515 7.989 -0.000 0.000 0.010 0.800 1.063
0.835 3.595 7.989 0.000 0.000 0.010 0.835 1.063
0.872 3.675 7.989 0.000 0.000 0.010 0.872 1.063
0.910 3.755 7.989 -0.000 0.000 0.010 0.910 1.063
0.948 3.835 7.989 0.000 0.000 0.010 0.948 1.063
0.987 3.915 7.989 0.000 0.000 0.010 0.987 1.063
1.027 3.995 7.989 -0.000 0.000 0.010 1.027 1.063
1.068 4.074 7.989 0.000 0.000 0.010 1.068 1.063
1.110 4.154 7.989 -0.000 0.000 0.010 1.110 1.063
1.152 4.234 7.989 0.000 0.000 0.010 1.152 1.063
1.195 4.314 7.989 0.000 0.000 0.010 1.195 1.063
1.239 4.394 7.989 -0.000 0.000 0.010 1.239 1.063
1.284 4.474 7.989 0.000 0.000 0.010 1.284 1.063
1.329 4.554 7.989 0.000 0.000 0.010 1.329 1.063
1.376 4.634 7.989 -0.000 0.000 0.010 1.376 1.063
1.423 4.714 7.989 -0.000 0.000 0.010 1.423 1.063
1.471 4.794 7.989 0.000 0.000 0.010 1.471 1.063
1.519 4.873 7.989 0.000 0.000 0.010 1.519 1.063
1.569 4.953 7.989 -0.000 0.000 0.010 1.569 1.063
1.619 5.033 7.989 0.000 0.000 0.010 1.619 1.063
1.670 5.113 7.989 -0.000 0.000 0.010 1.670 1.063
1.722 5.193 7.989 0.000 0.000 0.010 1.722 1.063
1.775 5.273 7.989 0.000 0.000 0.010 1.775 1.063
1.829 5.353 7.989 0.000 0.000 0.010 1.829 1.063
1.883 5.433 7.989 -0.000 0.000 0.010 1.883 1.063
1.938 5.513 7.989 0.000 0.000 0.010 1.938 1.063
1.994 5.592 7.989 -0.000 0.000 0.010 1.994 1.063
2.051 5.672 7.989 -0.000 0.000 0.010 2.051 1.063
2.108 5.752 7.989 0.000 0.000 0.010 2.108 1.063
2.166 5.832 7.989 -0.000 0.000 0.010 2.166 1.063
2.226 5.912 7.989 0.000 0.000 0.010 2.226 1.063
2.286 5.992 7.989 -0.000 0.000 0.010 2.286 1.063
2.346 6.072 7.989 0.000 0.000 0.010 2.346 1.063
2.408 6.152 7.989 0.000 0.000 0.010 2.408 1.063
2.470 6.232 7.989 -0.000 0.000 0.010 2.470 1.063
2.533 6.311 7.989 0.000 0.000 0.010 2.533 1.063
2.597 6.391 7.989 0.000 0.000 0.010 2.597 1.063
2.662 6.471 7.989 -0.000 0.000 0.010 2.662 1.063
2.727 6.551 7.989 0.000 0.000 0.010 2.727 1.063
2.794 6.631 7.989 -0.000 0.000 0.010 2.794 1.063
2.861 6.711 7.989 0.000 0.000 0.010 2.861 1.063
2.929 6.791 7.989 -0.000 0.000 0.010 2.929 1.063
2.997 6.871 7.989 0.000 0.000 0.010 2.997 1.063
3.067 6.951 7.989 -0.000 0.000 0.010 3.067 1.063
3.137 7.031 7.989 0.000 0.000 0.010 3.137 1.063
3.208 7.110 7.989 -0.000 0.000 0.010 3.208 1.063
3.280 7.190 7.989 0.000 0.000 0.010 3.280 1.063
3.353 7.270 7.989 0.000 0.000 0.010 3.353 1.063
3.426 7.350 7.989 -0.000 0.000 0.010 3.426 1.063
3.501 7.430 7.989 0.000 0.000 0.010 3.501 1.063
3.576 7.510 7.989 0.000 0.000 0.010 3.576 1.063
3.652 7.590 7.989 -0.000 0.000 0.010 3.652 1.063
3.728 7.670 7.989 -0.000 0.000 0.010 3.728 1.063
3.806 7.750 7.989 -0.000 0.000 0.010 3.806 1.063
3.884 7.829 7.989 0.000 0.000 0.010 3.884 1.063
3.963 7.909 7.989 -0.000 0.000 0.010 3.963 1.063
4.043 7.989 7.989 -0.000 0.000 0.010 4.043 1.063
4.124 8.069 7.989 0.000 0.000 0.010 4.124 1.063
4.205 8.149 7.989 -0.000 0.000 0.010 4.205 1.063
4.288 8.229 7.989 0.000 0.000 0.010 4.288 1.063
4.371 8.309 7.989 0.000 0.000 0.010 4.371 1.063
4.455 8.389 7.989 -0.000 0.000 0.010 4.455 1.063
4.539 8.469 7.989 0.000 0.000 0.010 4.539 1.063
4.625 8.548 7.989 -0.000 0.000 0.010 4.625 1.063
4.711 8.628 7.989 0.000 0.000 0.010 4.711 1.063
4.798 8.708 7.989 0.000 0.000 0.010 4.798 1.063
4.886 8.788 7.989 0.000 0.000 0.010 4.886 1.063
4.975 8.868 7.989 -0.000 0.000 0.010 4.975 1.063
5.064 8.948 7.989 0.000 0.000 0.010 5.064 1.063
5.154 9.028 7.989 -0.000 0.000 0.010 5.154 1.063
5.246 9.108 7.989 0.000 0.000 0.010 5.246 1.063
5.337 9.188 7.989 0.000 0.000 0.010 5.337 1.063
5.430 9.267 7.989 -0.000 0.000 0.010 5.430 1.063
5.524 9.345 7.740 -24.966 0.000 0.010 5.524 1.063
5.618 9.417 7.240 -49.933 0.000 0.010 5.618 1.063
5.713 9.485 6.741 -49.933 0.000 0.010 5.713 1.063
5.808 9.547 6.242 -49.933 0.000 0.010 5.808 1.063
5.904 9.605 5.742 -49.933 0.000 0.010 5.904 1.063
6.001 9.657 5.243 -49.933 0.000 0.010 6.001 1.063
6.098 9.704 4.744 -49.933 0.000 0.010 6.098 1.063
6.195 9.747 4.244 -49.933 0.000 0.010 6.195 1.063
6.293 9.784 3.745 -49.933 0.000 0.010 6.293 1.063
6.391 9.817 3.246 -49.933 0.000 0.010 6.391 1.063
6.490 9.844 2.746 -49.933 0.000 0.010 6.490 1.063
6.588 9.867 2.247 -49.933 0.000 0.010 6.588 1.063
6.687 9.884 1.748 -49.933 0.000 0.010 6.687 1.063
6.786 9.897 1.248 -49.933 0.000 0.010 6.786 1.063
6.885 9.904 0.749 -49.933 0.000 0.010 6.885 1.063
6.984 9.906 0.208 -54.107 0.000 0.010 6.984 1.063
7.083 9.884 -2.247 -245.529 0.000 0.010 7.083 1.063
7.181 9.823 -6.025 -377.784 0.001 0.010 7.181 1.063
7.279 9.760 -6.308 -28.268 0.002 0.010 7.279 1.063
7.376 9.695 -6.520 -21.226 0.004 0.010 7.376 1.063
7.472 9.628 -6.733 -21.288 0.006 0.010 7.472 1.063
7.568 9.558 -6.947 -21.399 0.008 0.010 7.568 1.064
7.663 9.487 -7.163 -21.559 0.011 0.010 7.663 1.065
7.757 9.413 -7.380 -21.769 0.014 0.010 7.757 1.066
7.850 9.337 -7.601 -22.030 0.017 0.010 7.850 1.067
7.943 9.259 -7.824 -22.345 0.021 0.010 7.943 1.069
8.034 9.178 -8.051 -22.715 0.025 0.010 8.034 1.071
8.125 9.095 -8.283 -23.143 0.029 0.010 8.125 1.074
8.215 9.010 -8.519 -23.629 0.033 0.010 8.215 1.077
8.305 8.923 -8.761 -24.176 0.038 0.010 8.304 1.080
8.393 8.833 -9.009 -24.783 0.042 0.010 8.393 1.083
8.480 8.740 -9.224 -21.512 0.047 0.010 8.480 1.087
8.567 8.648 -9.211 1.246 0.052 0.010 8.566 1.092
8.652 8.558 -9.013 19.838 0.057 0.010 8.652 1.096
8.737 8.470 -8.825 18.763 0.062 0.010 8.736 1.101
8.821 8.383 -8.648 17.721 0.068 0.010 8.820 1.107
8.904 8.298 -8.481 16.709 0.073 0.010 8.903 1.113
8.986 8.215 -8.324 15.725 0.078 0.010 8.985 1.119
9.067 8.133 -8.176 14.768 0.083 0.010 9.066 1.125
9.148 8.053 -8.038 13.838 0.089 0.010 9.146 1.132
9.228 7.974 -7.908 12.933 0.094 0.010 9.225 1.139
9.307 7.896 -7.788 12.055 0.099 0.010 9.304 1.147
9.385 7.819 -7.676 11.202 0.104 0.010 9.382 1.155
9.462 7.744 -7.572 10.375 0.110 0.010 9.459 1.163
9.539 7.669 -7.476 9.575 0.115 0.010 9.535 1.172
9.615 7.595 -7.388 8.802 0.120 0.010 9.610 1.181
9.690 7.522 -7.308 8.056 0.125 0.010 9.685 1.190
9.765 7.450 -7.234 7.338 0.130 0.010 9.759 1.199
9.838 7.378 -7.168 6.649 0.135 0.010 9.832 1.209
9.912 7.307 -7.108 5.987 0.140 0.010 9.905 1.219
9.984 7.236 -7.054 5.354 0.144 0.010 9.976 1.229
10.056 7.166 -7.007 4.750 0.149 0.010 10.047 1.240
10.127 7.097 -6.965 4.175 0.153 0.010 10.117 1.251
10.197 7.027 -6.929 3.628 0.158 0.010 10.187 1.261
10.266 6.958 -6.898 3.110 0.162 0.010 10.255 1.273
10.335 6.890 -6.871 2.620 0.166 0.010 10.323 1.284
10.403 6.821 -6.850 2.157 0.170 0.010 10.391 1.295
10.471 6.753 -6.833 1.722 0.174 0.010 10.457 1.307
10.538 6.685 -6.820 1.314 0.178 0.010 10.523 1.319
10.604 6.617 -6.810 0.932 0.182 0.010 10.588 1.330
10.670 6.548 -6.804 0.575 0.186 0.010 10.652 1.342
10.734 6.480 -6.802 0.243 0.189 0.010 10.716 1.354
10.798 6.412 -6.803 -0.065 0.193 0.010 10.779 1.367
10.862 6.344 -6.806 -0.351 0.196 0.010 10.841 1.379
10.925 6.276 -6.812 -0.614 0.199 0.010 10.903 1.391
10.987 6.208 -6.821 -0.856 0.202 0.010 10.964 1.404
11.048 6.140 -6.832 -1.077 0.205 0.010 11.024 1.416
11.109 6.071 -6.844 -1.279 0.208 0.010 11.083 1.428
11.169 6.003 -6.859 -1.463 0.211 0.010 11.142 1.441
11.228 5.934 -6.875 -1.629 0.214 0.010 11.200 1.453
11.287 5.865 -6.893 -1.779 0.216 0.010 11.257 1.466
11.345 5.796 -6.912 -1.912 0.219 0.010 11.314 1.478
11.402 5.727 -6.933 -2.031 0.221 0.010 11.370 1.491
11.459 5.657 -6.954 -2.136 0.223 0.010 11.425 1.503
11.515 5.587 -6.976 -2.227 0.226 0.010 11.479 1.516
11.570 5.517 -6.999 -2.306 0.228 0.010 11.533 1.528
11.624 5.447 -7.023 -2.373 0.230 0.010 11.586 1.541
11.678 5.377 -7.047 -2.429 0.232 0.010 11.638 1.553
11.731 5.306 -7.072 -2.475 0.233 0.010 11.690 1.565
11.783 5.235 -7.097 -2.512 0.235 0.010 11.741 1.577
11.835 5.164 -7.123 -2.539 0.237 0.010 11.791 1.589
11.886 5.092 -7.148 -2.558 0.238 0.010 11.841 1.601
11.936 5.020 -7.174 -2.570 0.240 0.010 11.890 1.613
11.986 4.948 -7.200 -2.574 0.241 0.010 11.938 1.625
12.034 4.876 -7.225 -2.572 0.243 0.010 11.985 1.637
12.082 4.804 -7.251 -2.564 0.244 0.010 12.032 1.648
12.130 4.731 -7.276 -2.550 0.245 0.010 12.077 1.660
12.176 4.658 -7.302 -2.531 0.246 0.010 12.123 1.671
12.222 4.585 -7.327 -2.507 0.247 0.010 12.167 1.682
12.267 4.511 -7.352 -2.479 0.248 0.010 12.211 1.693
12.312 4.437 -7.376 -2.447 0.249 0.010 12.254 1.704
12.355 4.363 -7.400 -2.412 0.250 0.010 12.296 1.715
12.398 4.289 -7.424 -2.373 0.251 0.010 12.338 1.726
12.440 4.215 -7.447 -2.332 0.252 0.010 12.378 1.736
12.482 4.140 -7.470 -2.288 0.253 0.010 12.419 1.747
12.522 4.065 -7.493 -2.241 0.253 0.010 12.458 1.757
12.562 3.990 -7.514 -2.193 0.254 0.010 12.497 1.767
12.601 3.914 -7.536 -2.143 0.255 0.010 12.534 1.777
12.640 3.839 -7.557 -2.092 0.255 0.010 12.572 1.786
12.677 3.763 -7.577 -2.039 0.256 0.010 12.608 1.796
12.714 3.687 -7.597 -1.985 0.256 0.010 12.644 1.805
12.750 3.611 -7.616 -1.930 0.257 0.010 12.679 1.814
12.786 3.535 -7.635 -1.875 0.257 0.010 12.713 1.823
12.820 3.458 -7.653 -1.819 0.258 0.010 12.746 1.832
12.854 3.381 -7.671 -1.763 0.258 0.010 12.779 1.841
12.887 3.305 -7.688 -1.707 0.258 0.010 12.811 1.849
12.919 3.227 -7.705 -1.651 0.259 0.010 12.842 1.857
12.951 3.150 -7.720 -1.594 0.259 0.010 12.872 1.865
12.982 3.073 -7.736 -1.538 0.259 0.010 12.902 1.873
13.012 2.995 -7.751 -1.483 0.260 0.010 12.931 1.881
13.041 2.918 -7.765 -1.428 0.260 0.010 12.959 1.888
13.069 2.840 -7.779 -1.373 0.260 0.010 12.987 1.896
13.097 2.762 -7.792 -1.319 0.260 0.010 13.013 1.903
13.124 2.684 -7.805 -1.266 0.260 0.010 13.039 1.910
13.150 2.606 -7.817 -1.214 0.261 0.010 13.065 1.917
13.175 2.528 -7.828 -1.162 0.261 0.010 13.089 1.923
13.199 2.449 -7.839 -1.112 0.261 0.010 13.113 1.929
13.223 2.371 -7.850 -1.062 0.261 0.010 13.136 1.935
13.246 2.292 -7.860 -1.013 0.261 0.010 13.158 1.941
13.268 2.213 -7.870 -0.966 0.261 0.010 13.179 1.947
13.290 2.135 -7.879 -0.919 0.261 0.010 13.200 1.953
13.310 2.056 -7.888 -0.874 0.261 0.010 13.220 1.958
13.330 1.977 -7.896 -0.829 0.261 0.010 13.239 1.963
13.349 1.898 -7.904 -0.786 0.261 0.010 13.257 1.968
13.367 1.819 -7.911 -0.744 0.262 0.010 13.275 1.973
13.384 1.739 -7.918 -0.703 0.262 0.010 13.291 1.977
13.401 1.660 -7.925 -0.663 0.262 0.010 13.307 1.981
13.417 1.581 -7.931 -0.624 0.262 0.010 13.323 1.985
13.432 1.501 -7.937 -0.586 0.262 0.010 13.337 1.989
13.446 1.422 -7.943 -0.549 0.262 0.010 13.351 1.993
13.460 1.343 -7.948 -0.513 0.262 0.010 13.364 1.997
13.472 1.263 -7.952 -0.479 0.262 0.010 13.376 2.000
13.484 1.183 -7.957 -0.445 0.262 0.010 13.388 2.003
13.495 1.104 -7.961 -0.412 0.262 0.010 13.398 2.006
13.505 1.024 -7.965 -0.380 0.262 0.010 13.408 2.008
13.515 0.945 -7.968 -0.349 0.262 0.010 13.417 2.011
13.523 0.865 -7.972 -0.319 0.262 0.010 13.426 2.013
13.531 0.785 -7.974 -0.289 0.262 0.010 13.433 2.015
13.538 0.705 -7.977 -0.260 0.262 0.010 13.440 2.017
13.545 0.626 -7.938 3.941 0.262 0.010 13.446 2.019
13.550 0.549 -7.648 28.928 0.262 0.010 13.451 2.020
13.555 0.478 -7.151 49.749 0.262 0.010 13.456 2.021
13.559 0.411 -6.653 49.784 0.262 0.010 13.460 2.022
13.562 0.350 -6.155 49.814 0.262 0.010 13.463 2.023
13.565 0.293 -5.656 49.840 0.262 0.010 13.466 2.024
13.568 0.242 -5.158 49.862 0.262 0.010 13.468 2.025
13.570 0.195 -4.659 49.880 0.262 0.010 13.470 2.025
13.571 0.154 -4.160 49.894 0.262 0.010 13.472 2.025
13.572 0.117 -3.661 49.906 0.262 0.010 13.473 2.026
13.573 0.085 -3.162 49.915 0.262 0.010 13.474 2.026
13.574 0.059 -2.663 49.921 0.262 0.010 13.474 2.026
13.574 0.037 -2.163 49.926 0.262 0.010 13.475 2.026
13.574 0.020 -1.664 49.929 0.262 0.010 13.475 2.026
13.575 0.009 -1.165 49.931 0.262 0.010 13.475 2.026
13.575 0.002 -0.665 49.932 0.262 0.010 13.475 2.026
13.575 0.000 -0.208 45.758 0.262 0.010 13.475 2.026
0.000 0.005 0.499 49.933 0.000 0.010 0.000 -1.063
0.000 0.010 0.499 0.000 0.000 0.010 0.000 -1.063
0.000 0.022 1.248 74.899 0.000 0.010 0.000 -1.063
0.001 0.040 1.748 49.933 0.000 0.010 0.001 -1.063
0.001 0.062 2.247 49.933 0.000 0.010 0.001 -1.063
0.002 0.090 2.746 49.933 0.000 0.010 0.002 -1.063
0.003 0.122 3.246 49.933 0.000 0.010 0.003 -1.063
0.005 0.160 3.745 49.933 0.000 0.010 0.005 -1.063
0.007 0.202 4.244 49.933 0.000 0.010 0.007 -1.063
0.010 0.250 4.744 49.933 0.000 0.010 0.010 -1.063
0.013 0.302 5.243 49.933 0.000 0.010 0.013 -1.063
0.016 0.360 5.742 49.933 0.000 0.010 0.016 -1.063
0.020 0.422 6.242 49.933 0.000 0.010 0.020 -1.063
0.025 0.489 6.741 49.933 0.000 0.010 0.025 -1.063
0.031 0.562 7.240 49.933 0.000 0.010 0.031 -1.063
0.037 0.639 7.740 49.933 0.000 0.010 0.037 -1.063
0.045 0.719 7.989 24.966 0.000 0.010 0.045 -1.063
0.053 0.799 7.989 -0.000 0.000 0.010 0.053 -1.063
0.061 0.879 7.989 0.000 0.000 0.010 0.061 -1.063
0.071 0.959 7.989 -0.000 0.000 0.010 0.071 -1.063
0.081 1.039 7.989 0.000 0.000 0.010 0.081 -1.063
0.092 1.118 7.989 0.000 0.000 0.010 0.092 -1.063
0.104 1.198 7.989 -0.000 0.000 0.010 0.104 -1.063
0.117 1.278 7.989 0.000 0.000 0.010 0.117 -1.063
0.131 1.358 7.989 0.000 0.000 0.010 0.131 -1.063
0.145 1.438 7.989 0.000 0.000 0.010 0.145 -1.063
0.160 1.518 7.989 -0.000 0.000 0.010 0.160 -1.063
0.176 1.598 7.989 -0.000 0.000 0.010 0.176 -1.063
0.193 1.678 7.989 0.000 0.000 0.010 0.193 -1.063
0.211 1.758 7.989 -0.000 0.000 0.010 0.211 -1.063
0.229 1.838 7.989 -0.000 0.000 0.010 0.229 -1.063
0.248 1.917 7.989 0.000 0.000 0.010 0.248 -1.063
0.268 1.997 7.989 0.000 0.000 0.010 0.268 -1.063
0.289 2.077 7.989 -0.000 0.000 0.010 0.289 -1.063
0.311 2.157 7.989 0.000 0.000 0.010 0.311 -1.063
0.333 2.237 7.989 -0.000 0.000 0.010 0.333 -1.063
0.356 2.317 7.989 0.000 0.000 0.010 0.356 -1.063
0.380 2.397 7.989 -0.000 0.000 0.010 0.380 -1.063
0.405 2.477 7.989 0.000 0.000 0.010 0.405 -1.063
0.430 2.557 7.989 -0.000 0.000 0.010 0.430 -1.063
0.457 2.636 7.989 0.000 0.000 0.010 0.457 -1.063
0.484 2.716 7.989 -0.000 0.000 0.010 0.484 -1.063
0.512 2.796 7.989 -0.000 0.000 0.010 0.512 -1.063
0.541 2.876 7.989 -0.000 0.000 0.010 0.541 -1.063
0.570 2.956 7.989 0.000 0.000 0.010 0.570 -1.063
0.601 3.036 7.989 -0.000 0.000 0.010 0.601 -1.063
0.632 3.116 7.989 0.000 0.000 0.010 0.632 -1.063
0.664 3.196 7.989 -0.000 0.000 0.010 0.664 -1.063
0.696 3.276 7.989 -0.000 0.000 0.010 0.696 -1.063
0.730 3.355 7.989 0.000 0.000 0.010 0.730 -1.063
0.764 3.435 7.989 0.000 0.000 0.010 0.764 -1.063
0.800 3.515 7.989 -0.000 0.000 0.010 0.800 -1.063
0.835 3.595 7.989 0.000 0.000 0.010 0.835 -1.063
0.872 3.675 7.989 0.000 0.000 0.010 0.872 -1.063
0.910 3.755 7.989 -0.000 0.000 0.010 0.910 -1.063
0.948 3.835 7.989 0.000 0.000 0.010 0.948 -1.063
0.987 3.915 7.989 0.000 0.000 0.010 0.987 -1.063
1.027 3.995 7.989 -0.000 0.000 0.010 1.027 -1.063
1.068 4.074 7.989 0.000 0.000 0.010 1.068 -1.063
1.110 4.154 7.989 -0.000 0.000 0.010 1.110 -1.063
1.152 4.234 7.989 0.000 0.000 0.010 1.152 -1.063
1.195 4.314 7.989 0.000 0.000 0.010 1.195 -1.063
1.239 4.394 7.989 -0.000 0.000 0.010 1.239 -1.063
1.284 4.474 7.989 0.000 0.000 0.010 1.284 -1.063
1.329 4.554 7.989 0.000 0.000 0.010 1.329 -1.063
1.376 4.634 7.989 -0.000 0.000 0.010 1.376 -1.063
1.423 4.714 7.989 -0.000 0.000 0.010 1.423 -1.063
1.471 4.794 7.989 0.000 0.000 0.010 1.471 -1.063
1.519 4.873 7.989 0.000 0.000 0.010 1.519 -1.063
1.569 4.953 7.989 -0.000 0.000 0.010 1.569 -1.063
1.619 5.033 7.989 0.000 0.000 0.010 1.619 -1.063
1.670 5.113 7.989 -0.000 0.000 0.010 1.670 -1.063
1.722 5.193 7.989 0.000 0.000 0.010 1.722 -1.063
1.775 5.273 7.989 0.000 0.000 0.010 1.775 -1.063
1.829 5.353 7.989 0.000 0.000 0.010 1.829 -1.063
1.883 5.433 7.989 -0.000 0.000 0.010 1.883 -1.063
1.938 5.513 7.989 0.000 0.000 0.010 1.938 -1.063
1.994 5.592 7.989 -0.000 0.000 0.010 1.994 -1.063
2.051 5.672 7.989 -0.000 0.000 0.010 2.051 -1.063
2.108 5.752 7.989 0.000 0.000 0.010 2.108 -1.063
2.166 5.832 7.989 -0.000 0.000 0.010 2.166 -1.063
2.226 5.912 7.989 0.000 0.000 0.010 2.226 -1.063
2.286 5.992 7.989 -0.000 0.000 0.010 2.286 -1.063
2.346 6.072 7.989 0.000 0.000 0.010 2.346 -1.063
2.408 6.152 7.989 0.000 0.000 0.010 2.408 -1.063
2.470 6.232 7.989 -0.000 0.000 0.010 2.470 -1.063
2.533 6.311 7.989 0.000 0.000 0.010 2.533 -1.063
2.597 6.391 7.989 0.000 0.000 0.010 2.597 -1.063
2.662 6.471 7.989 -0.000 0.000 0.010 2.662 -1.063
2.727 6.551 7.989 0.000 0.000 0.010 2.727 -1.063
2.794 6.631 7.989 -0.000 0.000 0.010 2.794 -1.063
2.861 6.711 7.989 0.000 0.000 0.010 2.861 -1.063
2.929 6.791 7.989 -0.000 0.000 0.010 2.929 -1.063
2.997 6.871 7.989 0.000 0.000 0.010 2.997 -1.063
3.067 6.951 7.989 -0.000 0.000 0.010 3.067 -1.063
3.137 7.031 7.989 0.000 0.000 0.010 3.137 -1.063
3.208 7.110 7.989 -0.000 0.000 0.010 3.208 -1.063
3.280 7.190 7.989 0.000 0.000 0.010 3.280 -1.063
3.353 7.270 7.989 0.000 0.000 0.010 3.353 -1.063
3.426 7.350 7.989 -0.000 0.000 0.010 3.426 -1.063
3.501 7.430 7.989 0.000 0.000 0.010 3.501 -1.063
3.576 7.510 7.989 0.000 0.000 0.010 3.576 -1.063
3.652 7.590 7.989 -0.000 0.000 0.010 3.652 -1.063
3.728 7.670 7.989 -0.000 0.000 0.010 3.728 -1.063
3.806 7.750 7.989 -0.000 0.000 0.010 3.806 -1.063
3.884 7.829 7.989 0.000 0.000 0.010 3.884 -1.063
3.963 7.909 7.989 -0.000 0.000 0.010 3.963 -1.063
4.043 7.989 7.989 -0.000 0.000 0.010 4.043 -1.063
4.124 8.069 7.989 0.000 0.000 0.010 4.124 -1.063
4.205 8.149 7.989 -0.000 0.000 0.010 4.205 -1.063
4.288 8.229 7.989 0.000 0.000 0.010 4.288 -1.063
4.371 8.309 7.989 0.000 0.000 0.010 4.371 -1.063
4.455 8.389 7.989 -0.000 0.000 0.010 4.455 -1.063
4.539 8.469 7.989 0.000 0.000 0.010 4.539 -1.063
4.625 8.548 7.989 -0.000 0.000 0.010 4.625 -1.063
4.711 8.628 7.989 0.000 0.000 0.010 4.711 -1.063
4.798 8.708 7.989 0.000 0.000 0.010 4.798 -1.063
4.886 8.788 7.989 0.000 0.000 0.010 4.886 -1.063
4.975 8.868 7.989 -0.000 0.000 0.010 4.975 -1.063
5.064 8.948 7.989 0.000 0.000 0.010 5.064 -1.063
5.154 9.028 7.989 -0.000 0.000 0.010 5.154 -1.063
5.246 9.108 7.989 0.000 0.000 0.010 5.246 -1.063
5.337 9.188 7.989 0.000 0.000 0.010 5.337 -1.063
5.430 9.267 7.989 -0.000 0.000 0.010 5.430 -1.063
5.524 9.345 7.740 -24.966 0.000 0.010 5.524 -1.063
5.618 9.417 7.240 -49.933 0.000 0.010 5.618 -1.063
5.713 9.485 6.741 -49.933 0.000 0.010 5.713 -1.063
5.808 9.547 6.242 -49.933 0.000 0.010 5.808 -1.063
5.904 9.605 5.742 -49.933 0.000 0.010 5.904 -1.063
6.001 9.657 5.243 -49.933 0.000 0.010 6.001 -1.063
6.098 9.704 4.744 -49.933 0.000 0.010 6.098 -1.063
6.195 9.747 4.244 -49.933 0.000 0.010 6.195 -1.063
6.293 9.784 3.745 -49.933 0.000 0.010 6.293 -1.063
6.391 9.817 3.246 -49.933 0.000 0.010 6.391 -1.063
6.490 9.844 2.746 -49.933 0.000 0.010 6.490 -1.063
6.588 9.867 2.247 -49.933 0.000 0.010 6.588 -1.063
6.687 9.884 1.748 -49.933 0.000 0.010 6.687 -1.063
6.786 9.897 1.248 -49.933 0.000 0.010 6.786 -1.063
6.885 9.904 0.749 -49.933 0.000 0.010 6.885 -1.063
6.984 9.906 0.208 -54.107 0.000 0.010 6.984 -1.063
7.083 9.922 1.581 137.314 0.000 0.010 7.083 -1.062
7.183 9.966 4.360 277.915 0.001 0.010 7.183 -1.062
7.283 10.002 3.644 -71.601 0.002 0.010 7.283 -1.062
7.383 10.031 2.858 -78.642 0.004 0.010 7.383 -1.062
7.484 10.051 2.072 -78.580 0.006 0.010 7.484 -1.062
7.585 10.064 1.287 -78.468 0.008 0.010 7.585 -1.061
7.685 10.069 0.504 -78.307 0.011 0.010 7.685 -1.060
7.786 10.067 -0.277 -78.097 0.014 0.010 7.786 -1.059
7.886 10.056 -1.055 -77.835 0.017 0.010 7.886 -1.057
7.987 10.038 -1.830 -77.520 0.021 0.010 7.987 -1.055
8.087 10.012 -2.602 -77.149 0.025 0.010 8.087 -1.053
8.187 9.978 -3.369 -76.722 0.029 0.010 8.187 -1.050
8.286 9.937 -4.131 -76.235 0.033 0.010 8.286 -1.047
8.385 9.888 -4.888 -75.688 0.038 0.010 8.385 -1.044
8.483 9.831 -5.639 -75.080 0.042 0.010 8.483 -1.040
8.581 9.768 -6.339 -70.003 0.047 0.010 8.581 -1.035
8.678 9.700 -6.767 -42.828 0.052 0.010 8.677 -1.031
8.774 9.631 -6.966 -19.836 0.057 0.010 8.774 -1.025
8.870 9.559 -7.153 -18.762 0.062 0.010 8.869 -1.020
8.965 9.486 -7.330 -17.720 0.068 0.010 8.964 -1.013
9.059 9.411 -7.498 -16.708 0.073 0.010 9.058 -1.007
9.152 9.334 -7.655 -15.724 0.078 0.010 9.151 -1.000
9.245 9.256 -7.802 -14.767 0.083 0.010 9.243 -0.992
9.336 9.177 -7.941 -13.837 0.089 0.010 9.334 -0.984
9.427 9.096 -8.070 -12.932 0.094 0.010 9.425 -0.976
9.518 9.014 -8.191 -12.054 0.099 0.010 9.515 -0.967
9.607 8.931 -8.303 -11.201 0.104 0.010 9.603 -0.958
9.695 8.847 -8.406 -10.375 0.110 0.010 9.691 -0.949
9.783 8.762 -8.502 -9.575 0.115 0.010 9.779 -0.939
9.870 8.676 -8.590 -8.802 0.120 0.010 9.865 -0.929
9.956 8.590 -8.671 -8.056 0.125 0.010 9.950 -0.918
10.041 8.502 -8.744 -7.338 0.130 0.010 10.034 -0.908
10.125 8.414 -8.811 -6.648 0.135 0.010 10.118 -0.897
10.208 8.325 -8.871 -5.987 0.140 0.010 10.200 -0.885
10.290 8.236 -8.924 -5.354 0.144 0.010 10.282 -0.874
10.372 8.146 -8.972 -4.750 0.149 0.010 10.362 -0.862
10.452 8.056 -9.013 -4.175 0.153 0.010 10.442 -0.849
10.532 7.966 -9.050 -3.628 0.158 0.010 10.521 -0.837
10.611 7.875 -9.081 -3.110 0.162 0.010 10.598 -0.825
10.689 7.784 -9.107 -2.620 0.166 0.010 10.675 -0.812
10.766 7.693 -9.128 -2.157 0.170 0.010 10.751 -0.799
10.842 7.601 -9.146 -1.722 0.174 0.010 10.826 -0.786
10.917 7.509 -9.159 -1.314 0.178 0.010 10.900 -0.773
10.991 7.418 -9.168 -0.932 0.182 0.010 10.973 -0.759
11.064 7.326 -9.174 -0.575 0.186 0.010 11.045 -0.746
11.137 7.234 -9.176 -0.243 0.189 0.010 11.116 -0.733
11.208 7.143 -9.176 0.065 0.193 0.010 11.186 -0.719
11.278 7.051 -9.172 0.350 0.196 0.010 11.255 -0.705
11.348 6.959 -9.166 0.613 0.199 0.010 11.323 -0.692
11.417 6.868 -9.158 0.855 0.202 0.010 11.391 -0.678
11.484 6.776 -9.147 1.077 0.205 0.010 11.457 -0.664
11.551 6.685 -9.134 1.279 0.208 0.010 11.522 -0.651
11.617 6.594 -9.119 1.463 0.211 0.010 11.587 -0.637
11.682 6.503 -9.103 1.629 0.214 0.010 11.651 -0.623
11.746 6.412 -9.085 1.778 0.216 0.010 11.713 -0.610
11.810 6.321 -9.066 1.912 0.219 0.010 11.775 -0.596
11.872 6.231 -9.046 2.031 0.221 0.010 11.836 -0.582
11.933 6.140 -9.024 2.135 0.223 0.010 11.896 -0.569
11.994 6.050 -9.002 2.227 0.226 0.010 11.955 -0.555
12.053 5.961 -8.979 2.306 0.228 0.010 12.013 -0.542
12.112 5.871 -8.955 2.373 0.230 0.010 12.070 -0.529
12.170 5.782 -8.931 2.429 0.232 0.010 12.126 -0.515
12.227 5.693 -8.906 2.475 0.233 0.010 12.182 -0.502
12.283 5.604 -8.881 2.512 0.235 0.010 12.236 -0.489
12.338 5.515 -8.856 2.539 0.237 0.010 12.290 -0.476
12.392 5.427 -8.830 2.558 0.238 0.010 12.342 -0.464
12.446 5.339 -8.805 2.570 0.240 0.010 12.394 -0.451
12.498 5.251 -8.779 2.574 0.241 0.010 12.445 -0.438
12.550 5.164 -8.753 2.572 0.243 0.010 12.495 -0.426
12.601 5.076 -8.727 2.564 0.244 0.010 12.545 -0.414
12.651 4.989 -8.702 2.550 0.245 0.010 12.593 -0.402
12.700 4.902 -8.677 2.531 0.246 0.010 12.641 -0.390
12.748 4.816 -8.652 2.507 0.247 0.010 12.687 -0.378
12.795 4.730 -8.627 2.479 0.248 0.010 12.733 -0.366
12.841 4.644 -8.602 2.447 0.249 0.010 12.778 -0.355
12.887 4.558 -8.578 2.412 0.250 0.010 12.822 -0.344
12.932 4.472 -8.554 2.373 0.251 0.010 12.866 -0.333
12.976 4.387 -8.531 2.332 0.252 0.010 12.908 -0.322
13.019 4.302 -8.508 2.288 0.253 0.010 12.950 -0.311
13.061 4.217 -8.486 2.241 0.253 0.010 12.991 -0.300
13.102 4.132 -8.464 2.193 0.254 0.010 13.031 -0.290
13.143 4.048 -8.443 2.143 0.255 0.010 13.070 -0.280
13.182 3.964 -8.422 2.092 0.255 0.010 13.108 -0.270
13.221 3.880 -8.401 2.039 0.256 0.010 13.146 -0.260
13.259 3.796 -8.381 1.985 0.256 0.010 13.182 -0.250
13.296 3.712 -8.362 1.930 0.257 0.010 13.218 -0.241
13.332 3.629 -8.343 1.875 0.257 0.010 13.253 -0.232
13.368 3.546 -8.325 1.819 0.258 0.010 13.288 -0.223
13.403 3.463 -8.307 1.763 0.258 0.010 13.321 -0.214
13.436 3.380 -8.290 1.707 0.258 0.010 13.354 -0.205
13.469 3.297 -8.274 1.651 0.259 0.010 13.386 -0.197
13.501 3.214 -8.258 1.594 0.259 0.010 13.417 -0.189
13.533 3.132 -8.243 1.538 0.259 0.010 13.447 -0.181
13.563 3.050 -8.228 1.483 0.260 0.010 13.477 -0.173
13.593 2.968 -8.213 1.428 0.260 0.010 13.505 -0.165
13.622 2.886 -8.200 1.373 0.260 0.010 13.533 -0.158
13.650 2.804 -8.187 1.319 0.260 0.010 13.560 -0.151
13.677 2.722 -8.174 1.266 0.260 0.010 13.587 -0.144
13.703 2.640 -8.162 1.214 0.261 0.010 13.612 -0.137
13.729 2.559 -8.150 1.162 0.261 0.010 13.637 -0.130
13.754 2.477 -8.139 1.112 0.261 0.010 13.661 -0.124
13.778 2.396 -8.128 1.062 0.261 0.010 13.684 -0.118
13.801 2.315 -8.118 1.013 0.261 0.010 13.706 -0.112
13.823 2.234 -8.109 0.966 0.261 0.010 13.728 -0.106
13.845 2.153 -8.099 0.919 0.261 0.010 13.749 -0.100
13.865 2.072 -8.091 0.874 0.261 0.010 13.769 -0.095
13.885 1.991 -8.082 0.829 0.261 0.010 13.788 -0.090
13.904 1.910 -8.075 0.786 0.261 0.010 13.806 -0.085
13.923 1.830 -8.067 0.744 0.262 0.010 13.824 -0.080
13.940 1.749 -8.060 0.703 0.262 0.010 13.841 -0.076
13.957 1.669 -8.053 0.663 0.262 0.010 13.857 -0.071
13.973 1.588 -8.047 0.624 0.262 0.010 13.872 -0.067
13.988 1.508 -8.041 0.586 0.262 0.010 13.887 -0.063
14.002 1.427 -8.036 0.549 0.262 0.010 13.901 -0.060
14.016 1.347 -8.031 0.513 0.262 0.010 13.914 -0.056
14.028 1.267 -8.026 0.479 0.262 0.010 13.926 -0.053
14.040 1.187 -8.021 0.445 0.262 0.010 13.937 -0.050
14.051 1.106 -8.017 0.412 0.262 0.010 13.948 -0.047
14.062 1.026 -8.014 0.380 0.262 0.010 13.958 -0.044
14.071 0.946 -8.010 0.349 0.262 0.010 13.967 -0.042
14.080 0.866 -8.007 0.319 0.262 0.010 13.976 -0.040
14.088 0.786 -8.004 0.289 0.262 0.010 13.983 -0.038
14.095 0.706 -8.001 0.260 0.262 0.010 13.990 -0.036
14.101 0.626 -7.957 4.408 0.262 0.010 13.996 -0.034
14.106 0.550 -7.664 29.353 0.262 0.010 14.001 -0.033
14.111 0.478 -7.163 50.116 0.262 0.010 14.006 -0.031
14.115 0.412 -6.662 50.081 0.262 0.010 14.010 -0.030
14.119 0.350 -6.161 50.051 0.262 0.010 14.013 -0.029
14.122 0.293 -5.661 50.025 0.262 0.010 14.016 -0.029
14.124 0.242 -5.161 50.003 0.262 0.010 14.018 -0.028
14.126 0.195 -4.661 49.985 0.262 0.010 14.020 -0.028
14.128 0.154 -4.161 49.971 0.262 0.010 14.022 -0.027
14.129 0.117 -3.662 49.959 0.262 0.010 14.023 -0.027
14.130 0.085 -3.162 49.950 0.262 0.010 14.024 -0.027
14.130 0.059 -2.663 49.944 0.262 0.010 14.024 -0.026
14.131 0.037 -2.164 49.939 0.262 0.010 14.025 -0.026
14.131 0.020 -1.664 49.936 0.262 0.010 14.025 -0.026
14.131 0.009 -1.165 49.934 0.262 0.010 14.025 -0.026
14.131 0.002 -0.666 49.933 0.262 0.010 14.025 -0.026
14.131 0.000 -0.208 45.758 0.262 0.010 14.025 -0.026
