StraightAheadPath
264
0.000 0.006 0.585 58.529 0.000 0.010 0.000 1.063
0.000 0.012 0.585 -0.000 0.000 0.010 0.000 1.063
0.000 0.026 1.463 87.794 0.000 0.010 0.000 1.063
0.001 0.047 2.049 58.529 0.000 0.010 0.001 1.063
0.002 0.073 2.634 58.529 0.000 0.010 0.002 1.063
0.003 0.105 3.219 58.529 0.000 0.010 0.003 1.063
0.004 0.143 3.804 58.529 0.000 0.010 0.004 1.063
0.006 0.187 4.390 58.529 0.000 0.010 0.006 1.063
0.008 0.237 4.975 58.529 0.000 0.010 0.008 1.063
0.011 0.293 5.560 58.529 0.000 0.010 0.011 1.063
0.015 0.354 6.146 58.529 0.000 0.010 0.015 1.063
0.019 0.421 6.731 58.529 0.000 0.010 0.019 1.063
0.024 0.495 7.316 58.529 0.000 0.010 0.024 1.063
0.030 0.574 7.901 58.529 0.000 0.010 0.030 1.063
0.036 0.658 8.487 58.529 0.000 0.010 0.036 1.063
0.044 0.749 9.072 58.529 0.000 0.010 0.044 1.063
0.052 0.846 9.657 58.529 0.000 0.010 0.052 1.063
0.062 0.945 9.950 29.265 0.000 0.010 0.062 1.063
0.072 1.045 9.950 0.000 0.000 0.010 0.072 1.063
0.084 1.144 9.950 -0.000 0.000 0.010 0.084 1.063
0.096 1.244 9.950 0.000 0.000 0.010 0.096 1.063
0.109 1.343 9.950 -0.000 0.000 0.010 0.109 1.063
0.124 1.443 9.950 -0.000 0.000 0.010 0.124 1.063
0.139 1.542 9.950 0.000 0.000 0.010 0.139 1.063
0.156 1.642 9.950 0.000 0.000 0.010 0.156 1.063
0.173 1.741 9.950 -0.000 0.000 0.010 0.173 1.063
0.192 1.841 9.950 0.000 0.000 0.010 0.192 1.063
0.211 1.940 9.950 -0.000 0.000 0.010 0.211 1.063
0.231 2.040 9.950 0.000 0.000 0.010 0.231 1.063
0.253 2.139 9.950 -0.000 0.000 0.010 0.253 1.063
0.275 2.239 9.950 0.000 0.000 0.010 0.275 1.063
0.298 2.338 9.950 -0.000 0.000 0.010 0.298 1.063
0.323 2.438 9.950 -0.000 0.000 0.010 0.323 1.063
0.348 2.537 9.950 0.000 0.000 0.010 0.348 1.063
0.375 2.637 9.950 -0.000 0.000 0.010 0.375 1.063
0.402 2.736 9.950 0.000 0.000 0.010 0.402 1.063
0.430 2.836 9.950 0.000 0.000 0.010 0.430 1.063
0.460 2.935 9.950 -0.000 0.000 0.010 0.460 1.063
0.490 3.035 9.950 -0.000 0.000 0.010 0.490 1.063
0.521 3.134 9.950 0.000 0.000 0.010 0.521 1.063
0.554 3.234 9.950 0.000 0.000 0.010 0.554 1.063
0.587 3.333 9.950 -0.000 0.000 0.010 0.587 1.063
0.621 3.433 9.950 0.000 0.000 0.010 0.621 1.063
0.657 3.532 9.950 -0.000 0.000 0.010 0.657 1.063
0.693 3.632 9.950 0.000 0.000 0.010 0.693 1.063
0.730 3.731 9.950 -0.000 0.000 0.010 0.730 1.063
0.769 3.831 9.950 -0.000 0.000 0.010 0.769 1.063
0.808 3.930 9.950 0.000 0.000 0.010 0.808 1.063
0.848 4.030 9.950 0.000 0.000 0.010 0.848 1.063
0.890 4.129 9.950 -0.000 0.000 0.010 0.890 1.063
0.932 4.229 9.950 0.000 0.000 0.010 0.932 1.063
0.975 4.328 9.950 0.000 0.000 0.010 0.975 1.063
1.019 4.428 9.950 -0.000 0.000 0.010 1.019 1.063
1.065 4.527 9.950 -0.000 0.000 0.010 1.065 1.063
1.111 4.627 9.950 0.000 0.000 0.010 1.111 1.063
1.158 4.726 9.950 0.000 0.000 0.010 1.158 1.063
1.206 4.826 9.950 -0.000 0.000 0.010 1.206 1.063
1.256 4.925 9.950 0.000 0.000 0.010 1.256 1.063
1.306 5.025 9.950 0.000 0.000 0.010 1.306 1.063
1.357 5.124 9.950 -0.000 0.000 0.010 1.357 1.063
1.409 5.224 9.950 0.000 0.000 0.010 1.409 1.063
1.463 5.323 9.950 0.000 0.000 0.010 1.463 1.063
1.517 5.423 9.950 0.000 0.000 0.010 1.517 1.063
1.572 5.522 9.950 -0.000 0.000 0.010 1.572 1.063
1.628 5.622 9.950 0.000 0.000 0.010 1.628 1.063
1.686 5.721 9.950 -0.000 0.000 0.010 1.686 1.063
1.744 5.821 9.950 0.000 0.000 0.010 1.744 1.063
1.803 5.920 9.950 -0.000 0.000 0.010 1.803 1.063
1.863 6.020 9.950 0.000 0.000 0.010 1.863 1.063
1.924 6.119 9.950 -0.000 0.000 0.010 1.924 1.063
1.987 6.219 9.950 0.000 0.000 0.010 1.987 1.063
2.050 6.318 9.950 0.000 0.000 0.010 2.050 1.063
2.114 6.418 9.950 0.000 0.000 0.010 2.114 1.063
2.179 6.517 9.950 -0.000 0.000 0.010 2.179 1.063
2.245 6.617 9.950 0.000 0.000 0.010 2.245 1.063
2.312 6.716 9.950 0.000 0.000 0.010 2.312 1.063
2.381 6.816 9.950 -0.000 0.000 0.010 2.381 1.063
2.450 6.915 9.950 0.000 0.000 0.010 2.450 1.063
2.520 7.015 9.950 -0.000 0.000 0.010 2.520 1.063
2.591 7.114 9.950 0.000 0.000 0.010 2.591 1.063
2.663 7.214 9.950 0.000 0.000 0.010 2.663 1.063
2.736 7.313 9.950 -0.000 0.000 0.010 2.736 1.063
2.810 7.413 9.950 0.000 0.000 0.010 2.810 1.063
2.885 7.512 9.950 -0.000 0.000 0.010 2.885 1.063
2.962 7.612 9.950 0.000 0.000 0.010 2.962 1.063
3.039 7.711 9.950 0.000 0.000 0.010 3.039 1.063
3.117 7.811 9.950 -0.000 0.000 0.010 3.117 1.063
3.196 7.910 9.950 0.000 0.000 0.010 3.196 1.063
3.276 8.010 9.950 -0.000 0.000 0.010 3.276 1.063
3.357 8.109 9.950 0.000 0.000 0.010 3.357 1.063
3.439 8.209 9.950 -0.000 0.000 0.010 3.439 1.063
3.522 8.308 9.950 0.000 0.000 0.010 3.522 1.063
3.606 8.408 9.950 -0.000 0.000 0.010 3.606 1.063
3.691 8.507 9.950 0.000 0.000 0.010 3.691 1.063
3.777 8.607 9.950 -0.000 0.000 0.010 3.777 1.063
3.865 8.706 9.950 -0.000 0.000 0.010 3.865 1.063
3.953 8.806 9.950 0.000 0.000 0.010 3.953 1.063
4.042 8.905 9.950 -0.000 0.000 0.010 4.042 1.063
4.132 9.005 9.950 -0.000 0.000 0.010 4.132 1.063
4.223 9.104 9.950 0.000 0.000 0.010 4.223 1.063
4.315 9.204 9.950 0.000 0.000 0.010 4.315 1.063
4.408 9.303 9.950 -0.000 0.000 0.010 4.408 1.063
4.502 9.403 9.950 0.000 0.000 0.010 4.502 1.063
4.597 9.502 9.950 0.000 0.000 0.010 4.597 1.063
4.693 9.602 9.950 -0.000 0.000 0.010 4.693 1.063
4.790 9.701 9.950 0.000 0.000 0.010 4.790 1.063
4.888 9.801 9.950 0.000 0.000 0.010 4.888 1.063
4.987 9.900 9.950 -0.000 0.000 0.010 4.987 1.063
5.087 10.000 9.950 0.000 0.000 0.010 5.087 1.063
5.188 10.099 9.950 -0.000 0.000 0.010 5.188 1.063
5.290 10.199 9.950 0.000 0.000 0.010 5.290 1.063
5.393 10.298 9.950 0.000 0.000 0.010 5.393 1.063
5.497 10.398 9.950 0.000 0.000 0.010 5.497 1.063
5.602 10.497 9.950 -0.000 0.000 0.010 5.602 1.063
5.708 10.597 9.950 0.000 0.000 0.010 5.708 1.063
5.815 10.693 9.657 -29.265 0.000 0.010 5.815 1.063
5.923 10.784 9.072 -58.529 0.000 0.010 5.923 1.063
6.031 10.869 8.487 -58.529 0.000 0.010 6.031 1.063
6.141 10.948 7.901 -58.529 0.000 0.010 6.141 1.063
6.251 11.021 7.316 -58.529 0.000 0.010 6.251 1.063
6.362 11.088 6.731 -58.529 0.000 0.010 6.362 1.063
6.473 11.150 6.146 -58.529 0.000 0.010 6.473 1.063
6.585 11.205 5.560 -58.529 0.000 0.010 6.585 1.063
6.698 11.255 4.975 -58.529 0.000 0.010 6.698 1.063
6.811 11.299 4.390 -58.529 0.000 0.010 6.811 1.063
6.924 11.337 3.804 -58.529 0.000 0.010 6.924 1.063
7.038 11.369 3.219 -58.529 0.000 0.010 7.038 1.063
7.152 11.396 2.634 -58.529 0.000 0.010 7.152 1.063
7.266 11.416 2.049 -58.529 0.000 0.010 7.266 1.063
7.380 11.431 1.463 -58.529 0.000 0.010 7.380 1.063
7.495 11.440 0.878 -58.529 0.000 0.010 7.495 1.063
7.609 11.440 0.027 -85.131 0.000 0.010 7.609 1.063
7.724 11.432 -0.825 -85.131 0.000 0.010 7.724 1.063
7.838 11.417 -1.410 -58.529 0.000 0.010 7.838 1.063
7.952 11.397 -1.995 -58.529 0.000 0.010 7.952 1.063
8.065 11.372 -2.581 -58.529 0.000 0.010 8.065 1.063
8.179 11.340 -3.166 -58.529 0.000 0.010 8.179 1.063
8.292 11.302 -3.751 -58.529 0.000 0.010 8.292 1.063
8.404 11.259 -4.336 -58.529 0.000 0.010 8.404 1.063
8.516 11.210 -4.922 -58.529 0.000 0.010 8.516 1.063
8.628 11.155 -5.507 -58.529 0.000 0.010 8.628 1.063
8.739 11.094 -6.092 -58.529 0.000 0.010 8.739 1.063
8.849 11.027 -6.678 -58.529 0.000 0.010 8.849 1.063
8.959 10.955 -7.263 -58.529 0.000 0.010 8.959 1.063
9.068 10.876 -7.848 -58.529 0.000 0.010 9.068 1.063
9.175 10.792 -8.433 -58.529 0.000 0.010 9.175 1.063
9.282 10.702 -9.019 -58.529 0.000 0.010 9.282 1.063
9.389 10.605 -9.604 -58.529 0.000 0.010 9.389 1.063
9.494 10.506 -9.923 -31.928 0.000 0.010 9.494 1.063
9.598 10.407 -9.950 -2.663 0.000 0.010 9.598 1.063
9.701 10.307 -9.950 -0.000 0.000 0.010 9.701 1.063
9.803 10.208 -9.950 0.000 0.000 0.010 9.803 1.063
9.904 10.108 -9.950 0.000 0.000 0.010 9.904 1.063
10.004 10.009 -9.950 -0.000 0.000 0.010 10.004 1.063
10.103 9.909 -9.950 0.000 0.000 0.010 10.103 1.063
10.201 9.810 -9.950 -0.000 0.000 0.010 10.201 1.063
10.298 9.710 -9.950 0.000 0.000 0.010 10.298 1.063
10.394 9.611 -9.950 -0.000 0.000 0.010 10.394 1.063
10.490 9.511 -9.950 0.000 0.000 0.010 10.490 1.063
10.584 9.412 -9.950 -0.000 0.000 0.010 10.584 1.063
10.677 9.312 -9.950 0.000 0.000 0.010 10.677 1.063
10.769 9.213 -9.950 -0.000 0.000 0.010 10.769 1.063
10.860 9.113 -9.950 0.000 0.000 0.010 10.860 1.063
10.950 9.014 -9.950 -0.000 0.000 0.010 10.950 1.063
11.039 8.914 -9.950 0.000 0.000 0.010 11.039 1.063
11.127 8.815 -9.950 0.000 0.000 0.010 11.127 1.063
11.215 8.715 -9.950 -0.000 0.000 0.010 11.215 1.063
11.301 8.616 -9.950 0.000 0.000 0.010 11.301 1.063
11.386 8.516 -9.950 -0.000 0.000 0.010 11.386 1.063
11.470 8.417 -9.950 0.000 0.000 0.010 11.470 1.063
11.553 8.317 -9.950 -0.000 0.000 0.010 11.553 1.063
11.635 8.218 -9.950 0.000 0.000 0.010 11.635 1.063
11.717 8.118 -9.950 0.000 0.000 0.010 11.717 1.063
11.797 8.019 -9.950 0.000 0.000 0.010 11.797 1.063
11.876 7.919 -9.950 -0.000 0.000 0.010 11.876 1.063
11.954 7.820 -9.950 0.000 0.000 0.010 11.954 1.063
12.031 7.720 -9.950 -0.000 0.000 0.010 12.031 1.063
12.108 7.621 -9.950 0.000 0.000 0.010 12.108 1.063
12.183 7.521 -9.950 -0.000 0.000 0.010 12.183 1.063
12.257 7.422 -9.950 0.000 0.000 0.010 12.257 1.063
12.330 7.322 -9.950 0.000 0.000 0.010 12.330 1.063
12.402 7.223 -9.950 -0.000 0.000 0.010 12.402 1.063
12.474 7.123 -9.950 -0.000 0.000 0.010 12.474 1.063
12.544 7.024 -9.950 -0.000 0.000 0.010 12.544 1.063
12.613 6.924 -9.950 0.000 0.000 0.010 12.613 1.063
12.681 6.825 -9.950 -0.000 0.000 0.010 12.681 1.063
12.749 6.725 -9.950 -0.000 0.000 0.010 12.749 1.063
12.815 6.626 -9.950 0.000 0.000 0.010 12.815 1.063
12.880 6.526 -9.950 0.000 0.000 0.010 12.880 1.063
12.944 6.427 -9.950 0.000 0.000 0.010 12.944 1.063
13.008 6.327 -9.950 0.000 0.000 0.010 13.008 1.063
13.070 6.228 -9.950 -0.000 0.000 0.010 13.070 1.063
13.131 6.128 -9.950 0.000 0.000 0.010 13.131 1.063
13.192 6.029 -9.950 -0.000 0.000 0.010 13.192 1.063
13.251 5.929 -9.950 0.000 0.000 0.010 13.251 1.063
13.309 5.830 -9.950 -0.000 0.000 0.010 13.309 1.063
13.366 5.730 -9.950 0.000 0.000 0.010 13.366 1.063
13.423 5.631 -9.950 -0.000 0.000 0.010 13.423 1.063
13.478 5.531 -9.950 0.000 0.000 0.010 13.478 1.063
13.532 5.432 -9.950 0.000 0.000 0.010 13.532 1.063
13.586 5.332 -9.950 -0.000 0.000 0.010 13.586 1.063
13.638 5.233 -9.950 0.000 0.000 0.010 13.638 1.063
13.689 5.133 -9.950 0.000 0.000 0.010 13.689 1.063
13.740 5.034 -9.950 -0.000 0.000 0.010 13.740 1.063
13.789 4.934 -9.950 0.000 0.000 0.010 13.789 1.063
13.837 4.835 -9.950 -0.000 0.000 0.010 13.837 1.063
13.885 4.735 -9.950 0.000 0.000 0.010 13.885 1.063
13.931 4.636 -9.950 -0.000 0.000 0.010 13.931 1.063
13.977 4.536 -9.950 0.000 0.000 0.010 13.977 1.063
14.021 4.437 -9.950 0.000 0.000 0.010 14.021 1.063
14.064 4.337 -9.950 -0.000 0.000 0.010 14.064 1.063
14.107 4.238 -9.950 0.000 0.000 0.010 14.107 1.063
14.148 4.138 -9.950 -0.000 0.000 0.010 14.148 1.063
14.188 4.039 -9.950 0.000 0.000 0.010 14.188 1.063
14.228 3.939 -9.950 0.000 0.000 0.010 14.228 1.063
14.266 3.840 -9.950 -0.000 0.000 0.010 14.266 1.063
14.304 3.740 -9.950 0.000 0.000 0.010 14.304 1.063
14.340 3.641 -9.950 -0.000 0.000 0.010 14.340 1.063
14.375 3.541 -9.950 0.000 0.000 0.010 14.375 1.063
14.410 3.442 -9.950 -0.000 0.000 0.010 14.410 1.063
14.443 3.342 -9.950 0.000 0.000 0.010 14.443 1.063
14.476 3.243 -9.950 -0.000 0.000 0.010 14.476 1.063
14.507 3.143 -9.950 0.000 0.000 0.010 14.507 1.063
14.538 3.044 -9.950 -0.000 0.000 0.010 14.538 1.063
14.567 2.944 -9.950 0.000 0.000 0.010 14.567 1.063
14.595 2.845 -9.950 0.000 0.000 0.010 14.595 1.063
14.623 2.745 -9.950 0.000 0.000 0.010 14.623 1.063
14.649 2.646 -9.950 0.000 0.000 0.010 14.649 1.063
14.675 2.546 -9.950 -0.000 0.000 0.010 14.675 1.063
14.699 2.447 -9.950 -0.000 0.000 0.010 14.699 1.063
14.723 2.347 -9.950 0.000 0.000 0.010 14.723 1.063
14.745 2.248 -9.950 0.000 0.000 0.010 14.745 1.063
14.767 2.148 -9.950 0.000 0.000 0.010 14.767 1.063
14.787 2.049 -9.950 0.000 0.000 0.010 14.787 1.063
14.807 1.949 -9.950 -0.000 0.000 0.010 14.807 1.063
14.825 1.850 -9.950 -0.000 0.000 0.010 14.825 1.063
14.843 1.750 -9.950 0.000 0.000 0.010 14.843 1.063
14.859 1.651 -9.950 -0.000 0.000 0.010 14.859 1.063
14.875 1.551 -9.950 0.000 0.000 0.010 14.875 1.063
14.889 1.452 -9.950 -0.000 0.000 0.010 14.889 1.063
14.903 1.352 -9.950 0.000 0.000 0.010 14.903 1.063
14.915 1.253 -9.950 0.000 0.000 0.010 14.915 1.063
14.927 1.153 -9.950 -0.000 0.000 0.010 14.927 1.063
14.937 1.054 -9.950 0.000 0.000 0.010 14.937 1.063
14.947 0.954 -9.950 -0.000 0.000 0.010 14.947 1.063
14.955 0.855 -9.950 0.000 0.000 0.010 14.955 1.063
14.963 0.758 -9.684 26.601 0.000 0.010 14.963 1.063
14.970 0.667 -9.125 55.866 0.000 0.010 14.970 1.063
14.976 0.581 -8.540 58.529 0.000 0.010 14.976 1.063
14.981 0.502 -7.955 58.529 0.000 0.010 14.981 1.063
14.985 0.428 -7.369 58.529 0.000 0.010 14.985 1.063
14.988 0.360 -6.784 58.529 0.000 0.010 14.988 1.063
14.991 0.298 -6.199 58.529 0.000 0.010 14.991 1.063
14.994 0.242 -5.614 58.529 0.000 0.010 14.994 1.063
14.996 0.192 -5.028 58.529 0.000 0.010 14.996 1.063
14.997 0.147 -4.443 58.529 0.000 0.010 14.997 1.063
14.998 0.109 -3.858 58.529 0.000 0.010 14.998 1.063
14.999 0.076 -3.272 58.529 0.000 0.010 14.999 1.063
15.000 0.049 -2.687 58.529 0.000 0.010 15.000 1.063
15.000 0.028 -2.102 58.529 0.000 0.010 15.000 1.063
15.000 0.013 -1.516 58.529 0.000 0.010 15.000 1.063
15.000 0.004 -0.931 58.529 0.000 0.010 15.000 1.063
15.000 0.000 -0.346 58.529 0.000 0.010 15.000 1.063
15.000 0.000 -0.027 31.928 0.000 0.010 15.000 1.063
0.000 0.006 0.585 58.529 0.000 0.010 0.000 -1.063
0.000 0.012 0.585 -0.000 0.000 0.010 0.000 -1.063
0.000 0.026 1.463 87.794 0.000 0.010 0.000 -1.063
0.001 0.047 2.049 58.529 0.000 0.010 0.001 -1.063
0.002 0.073 2.634 58.529 0.000 0.010 0.002 -1.063
0.003 0.105 3.219 58.529 0.000 0.010 0.003 -1.063
0.004 0.143 3.804 58.529 0.000 0.010 0.004 -1.063
0.006 0.187 4.390 58.529 0.000 0.010 0.006 -1.063
0.008 0.237 4.975 58.529 0.000 0.010 0.008 -1.063
0.011 0.293 5.560 58.529 0.000 0.010 0.011 -1.063
0.015 0.354 6.146 58.529 0.000 0.010 0.015 -1.063
0.019 0.421 6.731 58.529 0.000 0.010 0.019 -1.063
0.024 0.495 7.316 58.529 0.000 0.010 0.024 -1.063
0.030 0.574 7.901 58.529 0.000 0.010 0.030 -1.063
0.036 0.658 8.487 58.529 0.000 0.010 0.036 -1.063
0.044 0.749 9.072 58.529 0.000 0.010 0.044 -1.063
0.052 0.846 9.657 58.529 0.000 0.010 0.052 -1.063
0.062 0.945 9.950 29.265 0.000 0.010 0.062 -1.063
0.072 1.045 9.950 0.000 0.000 0.010 0.072 -1.063
0.084 1.144 9.950 -0.000 0.000 0.010 0.084 -1.063
0.096 1.244 9.950 0.000 0.000 0.010 0.096 -1.063
0.109 1.343 9.950 -0.000 0.000 0.010 0.109 -1.063
0.124 1.443 9.950 -0.000 0.000 0.010 0.124 -1.063
0.139 1.542 9.950 0.000 0.000 0.010 0.139 -1.063
0.156 1.642 9.950 0.000 0.000 0.010 0.156 -1.063
0.173 1.741 9.950 -0.000 0.000 0.010 0.173 -1.063
0.192 1.841 9.950 0.000 0.000 0.010 0.192 -1.063
0.211 1.940 9.950 -0.000 0.000 0.010 0.211 -1.063
0.231 2.040 9.950 0.000 0.000 0.010 0.231 -1.063
0.253 2.139 9.950 -0.000 0.000 0.010 0.253 -1.063
0.275 2.239 9.950 0.000 0.000 0.010 0.275 -1.063
0.298 2.338 9.950 -0.000 0.000 0.010 0.298 -1.063
0.323 2.438 9.950 -0.000 0.000 0.010 0.323 -1.063
0.348 2.537 9.950 0.000 0.000 0.010 0.348 -1.063
0.375 2.637 9.950 -0.000 0.000 0.010 0.375 -1.063
0.402 2.736 9.950 0.000 0.000 0.010 0.402 -1.063
0.430 2.836 9.950 0.000 0.000 0.010 0.430 -1.063
0.460 2.935 9.950 -0.000 0.000 0.010 0.460 -1.063
0.490 3.035 9.950 -0.000 0.000 0.010 0.490 -1.063
0.521 3.134 9.950 0.000 0.000 0.010 0.521 -1.063
0.554 3.234 9.950 0.000 0.000 0.010 0.554 -1.063
0.587 3.333 9.950 -0.000 0.000 0.010 0.587 -1.063
0.621 3.433 9.950 0.000 0.000 0.010 0.621 -1.063
0.657 3.532 9.950 -0.000 0.000 0.010 0.657 -1.063
0.693 3.632 9.950 0.000 0.000 0.010 0.693 -1.063
0.730 3.731 9.950 -0.000 0.000 0.010 0.730 -1.063
0.769 3.831 9.950 -0.000 0.000 0.010 0.769 -1.063
0.808 3.930 9.950 0.000 0.000 0.010 0.808 -1.063
0.848 4.030 9.950 0.000 0.000 0.010 0.848 -1.063
0.890 4.129 9.950 -0.000 0.000 0.010 0.890 -1.063
0.932 4.229 9.950 0.000 0.000 0.010 0.932 -1.063
0.975 4.328 9.950 0.000 0.000 0.010 0.975 -1.063
1.019 4.428 9.950 -0.000 0.000 0.010 1.019 -1.063
1.065 4.527 9.950 -0.000 0.000 0.010 1.065 -1.063
1.111 4.627 9.950 0.000 0.000 0.010 1.111 -1.063
1.158 4.726 9.950 0.000 0.000 0.010 1.158 -1.063
1.206 4.826 9.950 -0.000 0.000 0.010 1.206 -1.063
1.256 4.925 9.950 0.000 0.000 0.010 1.256 -1.063
1.306 5.025 9.950 0.000 0.000 0.010 1.306 -1.063
1.357 5.124 9.950 -0.000 0.000 0.010 1.357 -1.063
1.409 5.224 9.950 0.000 0.000 0.010 1.409 -1.063
1.463 5.323 9.950 0.000 0.000 0.010 1.463 -1.063
1.517 5.423 9.950 0.000 0.000 0.010 1.517 -1.063
1.572 5.522 9.950 -0.000 0.000 0.010 1.572 -1.063
1.628 5.622 9.950 0.000 0.000 0.010 1.628 -1.063
1.686 5.721 9.950 -0.000 0.000 0.010 1.686 -1.063
1.744 5.821 9.950 0.000 0.000 0.010 1.744 -1.063
1.803 5.920 9.950 -0.000 0.000 0.010 1.803 -1.063
1.863 6.020 9.950 0.000 0.000 0.010 1.863 -1.063
1.924 6.119 9.950 -0.000 0.000 0.010 1.924 -1.063
1.987 6.219 9.950 0.000 0.000 0.010 1.987 -1.063
2.050 6.318 9.950 0.000 0.000 0.010 2.050 -1.063
2.114 6.418 9.950 0.000 0.000 0.010 2.114 -1.063
2.179 6.517 9.950 -0.000 0.000 0.010 2.179 -1.063
2.245 6.617 9.950 0.000 0.000 0.010 2.245 -1.063
2.312 6.716 9.950 0.000 0.000 0.010 2.312 -1.063
2.381 6.816 9.950 -0.000 0.000 0.010 2.381 -1.063
2.450 6.915 9.950 0.000 0.000 0.010 2.450 -1.063
2.520 7.015 9.950 -0.000 0.000 0.010 2.520 -1.063
2.591 7.114 9.950 0.000 0.000 0.010 2.591 -1.063
2.663 7.214 9.950 0.000 0.000 0.010 2.663 -1.063
2.736 7.313 9.950 -0.000 0.000 0.010 2.736 -1.063
2.810 7.413 9.950 0.000 0.000 0.010 2.810 -1.063
2.885 7.512 9.950 -0.000 0.000 0.010 2.885 -1.063
2.962 7.612 9.950 0.000 0.000 0.010 2.962 -1.063
3.039 7.711 9.950 0.000 0.000 0.010 3.039 -1.063
3.117 7.811 9.950 -0.000 0.000 0.010 3.117 -1.063
3.196 7.910 9.950 0.000 0.000 0.010 3.196 -1.063
3.276 8.010 9.950 -0.000 0.000 0.010 3.276 -1.063
3.357 8.109 9.950 0.000 0.000 0.010 3.357 -1.063
3.439 8.209 9.950 -0.000 0.000 0.010 3.439 -1.063
3.522 8.308 9.950 0.000 0.000 0.010 3.522 -1.063
3.606 8.408 9.950 -0.000 0.000 0.010 3.606 -1.063
3.691 8.507 9.950 0.000 0.000 0.010 3.691 -1.063
3.777 8.607 9.950 -0.000 0.000 0.010 3.777 -1.063
3.865 8.706 9.950 -0.000 0.000 0.010 3.865 -1.063
3.953 8.806 9.950 0.000 0.000 0.010 3.953 -1.063
4.042 8.905 9.950 -0.000 0.000 0.010 4.042 -1.063
4.132 9.005 9.950 -0.000 0.000 0.010 4.132 -1.063
4.223 9.104 9.950 0.000 0.000 0.010 4.223 -1.063
4.315 9.204 9.950 0.000 0.000 0.010 4.315 -1.063
4.408 9.303 9.950 -0.000 0.000 0.010 4.408 -1.063
4.502 9.403 9.950 0.000 0.000 0.010 4.502 -1.063
4.597 9.502 9.950 0.000 0.000 0.010 4.597 -1.063
4.693 9.602 9.950 -0.000 0.000 0.010 4.693 -1.063
4.790 9.701 9.950 0.000 0.000 0.010 4.790 -1.063
4.888 9.801 9.950 0.000 0.000 0.010 4.888 -1.063
4.987 9.900 9.950 -0.000 0.000 0.010 4.987 -1.063
5.087 10.000 9.950 0.000 0.000 0.010 5.087 -1.063
5.188 10.099 9.950 -0.000 0.000 0.010 5.188 -1.063
5.290 10.199 9.950 0.000 0.000 0.010 5.290 -1.063
5.393 10.298 9.950 0.000 0.000 0.010 5.393 -1.063
5.497 10.398 9.950 0.000 0.000 0.010 5.497 -1.063
5.602 10.497 9.950 -0.000 0.000 0.010 5.602 -1.063
5.708 10.597 9.950 0.000 0.000 0.010 5.708 -1.063
5.815 10.693 9.657 -29.265 0.000 0.010 5.815 -1.063
5.923 10.784 9.072 -58.529 0.000 0.010 5.923 -1.063
6.031 10.869 8.487 -58.529 0.000 0.010 6.031 -1.063
6.141 10.948 7.901 -58.529 0.000 0.010 6.141 -1.063
6.251 11.021 7.316 -58.529 0.000 0.010 6.251 -1.063
6.362 11.088 6.731 -58.529 0.000 0.010 6.362 -1.063
6.473 11.150 6.146 -58.529 0.000 0.010 6.473 -1.063
6.585 11.205 5.560 -58.529 0.000 0.010 6.585 -1.063
6.698 11.255 4.975 -58.529 0.000 0.010 6.698 -1.063
6.811 11.299 4.390 -58.529 0.000 0.010 6.811 -1.063
6.924 11.337 3.804 -58.529 0.000 0.010 6.924 -1.063
7.038 11.369 3.219 -58.529 0.000 0.010 7.038 -1.063
7.152 11.396 2.634 -58.529 0.000 0.010 7.152 -1.063
7.266 11.416 2.049 -58.529 0.000 0.010 7.266 -1.063
7.380 11.431 1.463 -58.529 0.000 0.010 7.380 -1.063
7.495 11.440 0.878 -58.529 0.000 0.010 7.495 -1.063
7.609 11.440 0.027 -85.131 0.000 0.010 7.609 -1.063
7.724 11.432 -0.825 -85.131 0.000 0.010 7.724 -1.063
7.838 11.417 -1.410 -58.529 0.000 0.010 7.838 -1.063
7.952 11.397 -1.995 -58.529 0.000 0.010 7.952 -1.063
8.065 11.372 -2.581 -58.529 0.000 0.010 8.065 -1.063
8.179 11.340 -3.166 -58.529 0.000 0.010 8.179 -1.063
8.292 11.302 -3.751 -58.529 0.000 0.010 8.292 -1.063
8.404 11.259 -4.336 -58.529 0.000 0.010 8.404 -1.063
8.516 11.210 -4.922 -58.529 0.000 0.010 8.516 -1.063
8.628 11.155 -5.507 -58.529 0.000 0.010 8.628 -1.063
8.739 11.094 -6.092 -58.529 0.000 0.010 8.739 -1.063
8.849 11.027 -6.678 -58.529 0.000 0.010 8.849 -1.063
8.959 10.955 -7.263 -58.529 0.000 0.010 8.959 -1.063
9.068 10.876 -7.848 -58.529 0.000 0.010 9.068 -1.063
9.175 10.792 -8.433 -58.529 0.000 0.010 9.175 -1.063
9.282 10.702 -9.019 -58.529 0.000 0.010 9.282 -1.063
9.389 10.605 -9.604 -58.529 0.000 0.010 9.389 -1.063
9.494 10.506 -9.923 -31.928 0.000 0.010 9.494 -1.063
9.598 10.407 -9.950 -2.663 0.000 0.010 9.598 -1.063
9.701 10.307 -9.950 -0.000 0.000 0.010 9.701 -1.063
9.803 10.208 -9.950 0.000 0.000 0.010 9.803 -1.063
9.904 10.108 -9.950 0.000 0.000 0.010 9.904 -1.063
10.004 10.009 -9.950 -0.000 0.000 0.010 10.004 -1.063
10.103 9.909 -9.950 0.000 0.000 0.010 10.103 -1.063
10.201 9.810 -9.950 -0.000 0.000 0.010 10.201 -1.063
10.298 9.710 -9.950 0.000 0.000 0.010 10.298 -1.063
10.394 9.611 -9.950 -0.000 0.000 0.010 10.394 -1.063
10.490 9.511 -9.950 0.000 0.000 0.010 10.490 -1.063
10.584 9.412 -9.950 -0.000 0.000 0.010 10.584 -1.063
10.677 9.312 -9.950 0.000 0.000 0.010 10.677 -1.063
10.769 9.213 -9.950 -0.000 0.000 0.010 10.769 -1.063
10.860 9.113 -9.950 0.000 0.000 0.010 10.860 -1.063
10.950 9.014 -9.950 -0.000 0.000 0.010 10.950 -1.063
11.039 8.914 -9.950 0.000 0.000 0.010 11.039 -1.063
11.127 8.815 -9.950 0.000 0.000 0.010 11.127 -1.063
11.215 8.715 -9.950 -0.000 0.000 0.010 11.215 -1.063
11.301 8.616 -9.950 0.000 0.000 0.010 11.301 -1.063
11.386 8.516 -9.950 -0.000 0.000 0.010 11.386 -1.063
11.470 8.417 -9.950 0.000 0.000 0.010 11.470 -1.063
11.553 8.317 -9.950 -0.000 0.000 0.010 11.553 -1.063
11.635 8.218 -9.950 0.000 0.000 0.010 11.635 -1.063
11.717 8.118 -9.950 0.000 0.000 0.010 11.717 -1.063
11.797 8.019 -9.950 0.000 0.000 0.010 11.797 -1.063
11.876 7.919 -9.950 -0.000 0.000 0.010 11.876 -1.063
11.954 7.820 -9.950 0.000 0.000 0.010 11.954 -1.063
12.031 7.720 -9.950 -0.000 0.000 0.010 12.031 -1.063
12.108 7.621 -9.950 0.000 0.000 0.010 12.108 -1.063
12.183 7.521 -9.950 -0.000 0.000 0.010 12.183 -1.063
12.257 7.422 -9.950 0.000 0.000 0.010 12.257 -1.063
12.330 7.322 -9.950 0.000 0.000 0.010 12.330 -1.063
12.402 7.223 -9.950 -0.000 0.000 0.010 12.402 -1.063
12.474 7.123 -9.950 -0.000 0.000 0.010 12.474 -1.063
12.544 7.024 -9.950 -0.000 0.000 0.010 12.544 -1.063
12.613 6.924 -9.950 0.000 0.000 0.010 12.613 -1.063
12.681 6.825 -9.950 -0.000 0.000 0.010 12.681 -1.063
12.749 6.725 -9.950 -0.000 0.000 0.010 12.749 -1.063
12.815 6.626 -9.950 0.000 0.000 0.010 12.815 -1.063
12.880 6.526 -9.950 0.000 0.000 0.010 12.880 -1.063
12.944 6.427 -9.950 0.000 0.000 0.010 12.944 -1.063
13.008 6.327 -9.950 0.000 0.000 0.010 13.008 -1.063
13.070 6.228 -9.950 -0.000 0.000 0.010 13.070 -1.063
13.131 6.128 -9.950 0.000 0.000 0.010 13.131 -1.063
13.192 6.029 -9.950 -0.000 0.000 0.010 13.192 -1.063
13.251 5.929 -9.950 0.000 0.000 0.010 13.251 -1.063
13.309 5.830 -9.950 -0.000 0.000 0.010 13.309 -1.063
13.366 5.730 -9.950 0.000 0.000 0.010 13.366 -1.063
13.423 5.631 -9.950 -0.000 0.000 0.010 13.423 -1.063
13.478 5.531 -9.950 0.000 0.000 0.010 13.478 -1.063
13.532 5.432 -9.950 0.000 0.000 0.010 13.532 -1.063
13.586 5.332 -9.950 -0.000 0.000 0.010 13.586 -1.063
13.638 5.233 -9.950 0.000 0.000 0.010 13.638 -1.063
13.689 5.133 -9.950 0.000 0.000 0.010 13.689 -1.063
13.740 5.034 -9.950 -0.000 0.000 0.010 13.740 -1.063
13.789 4.934 -9.950 0.000 0.000 0.010 13.789 -1.063
13.837 4.835 -9.950 -0.000 0.000 0.010 13.837 -1.063
13.885 4.735 -9.950 0.000 0.000 0.010 13.885 -1.063
13.931 4.636 -9.950 -0.000 0.000 0.010 13.931 -1.063
13.977 4.536 -9.950 0.000 0.000 0.010 13.977 -1.063
14.021 4.437 -9.950 0.000 0.000 0.010 14.021 -1.063
14.064 4.337 -9.950 -0.000 0.000 0.010 14.064 -1.063
14.107 4.238 -9.950 0.000 0.000 0.010 14.107 -1.063
14.148 4.138 -9.950 -0.000 0.000 0.010 14.148 -1.063
14.188 4.039 -9.950 0.000 0.000 0.010 14.188 -1.063
14.228 3.939 -9.950 0.000 0.000 0.010 14.228 -1.063
14.266 3.840 -9.950 -0.000 0.000 0.010 14.266 -1.063
14.304 3.740 -9.950 0.000 0.000 0.010 14.304 -1.063
14.340 3.641 -9.950 -0.000 0.000 0.010 14.340 -1.063
14.375 3.541 -9.950 0.000 0.000 0.010 14.375 -1.063
14.410 3.442 -9.950 -0.000 0.000 0.010 14.410 -1.063
14.443 3.342 -9.950 0.000 0.000 0.010 14.443 -1.063
14.476 3.243 -9.950 -0.000 0.000 0.010 14.476 -1.063
14.507 3.143 -9.950 0.000 0.000 0.010 14.507 -1.063
14.538 3.044 -9.950 -0.000 0.000 0.010 14.538 -1.063
14.567 2.944 -9.950 0.000 0.000 0.010 14.567 -1.063
14.595 2.845 -9.950 0.000 0.000 0.010 14.595 -1.063
14.623 2.745 -9.950 0.000 0.000 0.010 14.623 -1.063
14.649 2.646 -9.950 0.000 0.000 0.010 14.649 -1.063
14.675 2.546 -9.950 -0.000 0.000 0.010 14.675 -1.063
14.699 2.447 -9.950 -0.000 0.000 0.010 14.699 -1.063
14.723 2.347 -9.950 0.000 0.000 0.010 14.723 -1.063
14.745 2.248 -9.950 0.000 0.000 0.010 14.745 -1.063
14.767 2.148 -9.950 0.000 0.000 0.010 14.767 -1.063
14.787 2.049 -9.950 0.000 0.000 0.010 14.787 -1.063
14.807 1.949 -9.950 -0.000 0.000 0.010 14.807 -1.063
14.825 1.850 -9.950 -0.000 0.000 0.010 14.825 -1.063
14.843 1.750 -9.950 0.000 0.000 0.010 14.843 -1.063
14.859 1.651 -9.950 -0.000 0.000 0.010 14.859 -1.063
14.875 1.551 -9.950 0.000 0.000 0.010 14.875 -1.063
14.889 1.452 -9.950 -0.000 0.000 0.010 14.889 -1.063
14.903 1.352 -9.950 0.000 0.000 0.010 14.903 -1.063
14.915 1.253 -9.950 0.000 0.000 0.010 14.915 -1.063
14.927 1.153 -9.950 -0.000 0.000 0.010 14.927 -1.063
14.937 1.054 -9.950 0.000 0.000 0.010 14.937 -1.063
14.947 0.954 -9.950 -0.000 0.000 0.010 14.947 -1.063
14.955 0.855 -9.950 0.000 0.000 0.010 14.955 -1.063
14.963 0.758 -9.684 26.601 0.000 0.010 14.963 -1.063
14.970 0.667 -9.125 55.866 0.000 0.010 14.970 -1.063
14.976 0.581 -8.540 58.529 0.000 0.010 14.976 -1.063
14.981 0.502 -7.955 58.529 0.000 0.010 14.981 -1.063
14.985 0.428 -7.369 58.529 0.000 0.010 14.985 -1.063
14.988 0.360 -6.784 58.529 0.000 0.010 14.988 -1.063
14.991 0.298 -6.199 58.529 0.000 0.010 14.991 -1.063
14.994 0.242 -5.614 58.529 0.000 0.010 14.994 -1.063
14.996 0.192 -5.028 58.529 0.000 0.010 14.996 -1.063
14.997 0.147 -4.443 58.529 0.000 0.010 14.997 -1.063
14.998 0.109 -3.858 58.529 0.000 0.010 14.998 -1.063
14.999 0.076 -3.272 58.529 0.000 0.010 14.999 -1.063
15.000 0.049 -2.687 58.529 0.000 0.010 15.000 -1.063
15.000 0.028 -2.102 58.529 0.000 0.010 15.000 -1.063
15.000 0.013 -1.516 58.529 0.000 0.010 15.000 -1.063
15.000 0.004 -0.931 58.529 0.000 0.010 15.000 -1.063
15.000 0.000 -0.346 58.529 0.000 0.010 15.000 -1.063
15.000 0.000 -0.027 31.928 0.000 0.010 15.000 -1.063
