WallLanePath
348
0.000 0.005 0.466 46.620 0.000 0.010 0.000 1.063
0.000 0.009 0.466 0.000 0.000 0.010 0.000 1.063
0.000 0.021 1.166 69.930 0.000 0.010 0.000 1.063
0.001 0.037 1.632 46.620 0.000 0.010 0.001 1.063
0.001 0.058 2.098 46.620 0.000 0.010 0.001 1.063
0.002 0.084 2.564 46.620 0.000 0.010 0.002 1.063
0.003 0.114 3.030 46.620 0.000 0.010 0.003 1.063
0.005 0.149 3.497 46.620 0.000 0.010 0.005 1.063
0.007 0.189 3.963 46.620 0.000 0.010 0.007 1.063
0.009 0.233 4.429 46.620 0.000 0.010 0.009 1.063
0.012 0.282 4.895 46.620 0.000 0.010 0.012 1.063
0.015 0.336 5.361 46.620 0.000 0.010 0.015 1.063
0.019 0.394 5.828 46.620 0.000 0.010 0.019 1.063
0.024 0.457 6.294 46.620 0.000 0.010 0.024 1.063
0.029 0.524 6.760 46.620 0.000 0.010 0.029 1.063
0.035 0.594 6.993 23.310 0.000 0.010 0.035 1.063
0.041 0.664 6.993 0.000 0.000 0.010 0.041 1.063
0.049 0.734 6.993 -0.000 0.000 0.010 0.049 1.063
0.057 0.804 6.993 0.000 0.000 0.010 0.057 1.063
0.066 0.874 6.993 -0.000 0.000 0.010 0.066 1.063
0.075 0.944 6.993 -0.000 0.000 0.010 0.075 1.063
0.085 1.014 6.993 0.000 0.000 0.010 0.085 1.063
0.096 1.084 6.993 0.000 0.000 0.010 0.096 1.063
0.108 1.154 6.993 -0.000 0.000 0.010 0.108 1.063
0.120 1.224 6.993 0.000 0.000 0.010 0.120 1.063
0.133 1.294 6.993 0.000 0.000 0.010 0.133 1.063
0.146 1.364 6.993 -0.000 0.000 0.010 0.146 1.063
0.161 1.434 6.993 -0.000 0.000 0.010 0.161 1.063
0.176 1.503 6.993 0.000 0.000 0.010 0.176 1.063
0.191 1.573 6.993 -0.000 0.000 0.010 0.191 1.063
0.208 1.643 6.993 0.000 0.000 0.010 0.208 1.063
0.225 1.713 6.993 -0.000 0.000 0.010 0.225 1.063
0.243 1.783 6.993 0.000 0.000 0.010 0.243 1.063
0.261 1.853 6.993 -0.000 0.000 0.010 0.261 1.063
0.281 1.923 6.993 0.000 0.000 0.010 0.281 1.063
0.301 1.993 6.993 0.000 0.000 0.010 0.301 1.063
0.321 2.063 6.993 0.000 0.000 0.010 0.321 1.063
0.343 2.133 6.993 -0.000 0.000 0.010 0.343 1.063
0.365 2.203 6.993 0.000 0.000 0.010 0.365 1.063
0.387 2.273 6.993 -0.000 0.000 0.010 0.387 1.063
0.411 2.343 6.993 0.000 0.000 0.010 0.411 1.063
0.435 2.413 6.993 -0.000 0.000 0.010 0.435 1.063
0.460 2.483 6.993 -0.000 0.000 0.010 0.460 1.063
0.485 2.552 6.993 0.000 0.000 0.010 0.485 1.063
0.511 2.622 6.993 -0.000 0.000 0.010 0.511 1.063
0.538 2.692 6.993 0.000 0.000 0.010 0.538 1.063
0.566 2.762 6.993 0.000 0.000 0.010 0.566 1.063
0.594 2.832 6.993 -0.000 0.000 0.010 0.594 1.063
0.623 2.902 6.993 0.000 0.000 0.010 0.623 1.063
0.653 2.972 6.993 0.000 0.000 0.010 0.653 1.063
0.683 3.042 6.993 0.000 0.000 0.010 0.683 1.063
0.715 3.112 6.993 0.000 0.000 0.010 0.715 1.063
0.746 3.182 6.993 -0.000 0.000 0.010 0.746 1.063
0.779 3.252 6.993 0.000 0.000 0.010 0.779 1.063
0.812 3.322 6.993 0.000 0.000 0.010 0.812 1.063
0.846 3.392 6.993 0.000 0.000 0.010 0.846 1.063
0.881 3.462 6.993 -0.000 0.000 0.010 0.881 1.063
0.916 3.531 6.993 0.000 0.000 0.010 0.916 1.063
0.952 3.601 6.993 -0.000 0.000 0.010 0.952 1.063
0.989 3.671 6.993 0.000 0.000 0.010 0.989 1.063
1.026 3.741 6.993 0.000 0.000 0.010 1.026 1.063
1.064 3.811 6.993 -0.000 0.000 0.010 1.064 1.063
1.103 3.881 6.993 -0.000 0.000 0.010 1.103 1.063
1.143 3.951 6.993 -0.000 0.000 0.010 1.143 1.063
1.183 4.021 6.993 0.000 0.000 0.010 1.183 1.063
1.224 4.091 6.993 0.000 0.000 0.010 1.224 1.063
1.265 4.161 6.993 0.000 0.000 0.010 1.265 1.063
1.308 4.231 6.993 0.000 0.000 0.010 1.308 1.063
1.351 4.301 6.993 0.000 0.000 0.010 1.351 1.063
1.394 4.371 6.993 0.000 0.000 0.010 1.394 1.063
1.439 4.441 6.993 -0.000 0.000 0.010 1.439 1.063
1.484 4.510 6.993 0.000 0.000 0.010 1.484 1.063
1.530 4.580 6.993 0.000 0.000 0.010 1.530 1.063
1.576 4.650 6.993 0.000 0.000 0.010 1.576 1.063
1.623 4.720 6.993 0.000 0.000 0.010 1.623 1.063
1.671 4.790 6.993 -0.000 0.000 0.010 1.671 1.063
1.720 4.860 6.993 0.000 0.000 0.010 1.720 1.063
1.769 4.930 6.993 -0.000 0.000 0.010 1.769 1.063
1.819 5.000 6.993 0.000 0.000 0.010 1.819 1.063
1.870 5.070 6.993 -0.000 0.000 0.010 1.870 1.063
1.921 5.140 6.993 0.000 0.000 0.010 1.921 1.063
1.973 5.210 6.993 0.000 0.000 0.010 1.973 1.063
2.026 5.276 6.651 -34.210 0.000 0.010 2.026 1.063
2.079 5.321 4.516 -213.510 0.000 0.010 2.079 1.063
2.133 5.362 4.093 -42.246 0.001 0.010 2.133 1.063
2.187 5.403 4.026 -6.736 0.002 0.010 2.187 1.063
2.241 5.442 3.954 -7.243 0.003 0.010 2.241 1.063
2.296 5.481 3.876 -7.790 0.004 0.010 2.296 1.063
2.351 5.519 3.792 -8.376 0.006 0.010 2.351 1.063
2.407 5.556 3.702 -9.005 0.008 0.010 2.407 1.064
2.463 5.592 3.605 -9.678 0.010 0.010 2.463 1.064
2.519 5.627 3.501 -10.398 0.013 0.010 2.519 1.065
2.576 5.661 3.389 -11.167 0.016 0.010 2.576 1.066
2.633 5.694 3.270 -11.985 0.019 0.010 2.633 1.067
2.690 5.725 3.141 -12.858 0.023 0.010 2.690 1.068
2.747 5.755 3.003 -13.784 0.027 0.010 2.747 1.069
2.805 5.784 2.855 -14.769 0.031 0.010 2.805 1.071
2.863 5.811 2.697 -15.811 0.036 0.010 2.863 1.073
2.922 5.836 2.528 -16.913 0.042 0.010 2.922 1.075
2.980 5.859 2.347 -18.075 0.047 0.010 2.980 1.078
3.039 5.881 2.155 -19.296 0.054 0.010 3.039 1.081
3.098 5.900 1.949 -20.576 0.060 0.010 3.098 1.084
3.157 5.918 1.730 -21.909 0.067 0.010 3.157 1.088
3.217 5.933 1.497 -23.293 0.075 0.010 3.216 1.092
3.276 5.945 1.250 -24.718 0.083 0.010 3.275 1.097
3.336 5.955 0.988 -26.175 0.092 0.010 3.335 1.102
3.395 5.962 0.711 -27.648 0.101 0.010 3.394 1.108
3.455 5.966 0.420 -29.119 0.111 0.010 3.453 1.114
3.515 5.967 0.115 -30.562 0.122 0.010 3.513 1.121
3.574 5.965 -0.205 -31.943 0.133 0.010 3.572 1.129
3.634 5.960 -0.537 -33.226 0.145 0.010 3.631 1.137
3.693 5.951 -0.881 -34.355 0.158 0.010 3.690 1.146
3.753 5.939 -1.233 -35.272 0.172 0.010 3.748 1.156
3.812 5.923 -1.592 -35.899 0.186 0.010 3.806 1.166
3.871 5.903 -1.954 -36.149 0.201 0.010 3.864 1.177
3.930 5.880 -2.313 -35.915 0.217 0.010 3.922 1.190
3.988 5.854 -2.664 -35.075 0.234 0.010 3.979 1.203
4.047 5.824 -2.999 -33.495 0.252 0.010 4.035 1.217
4.105 5.791 -3.309 -31.018 0.271 0.010 4.091 1.232
4.162 5.755 -3.584 -27.485 0.291 0.010 4.147 1.248
4.219 5.717 -3.811 -22.726 0.312 0.010 4.201 1.265
4.276 5.677 -3.977 -16.578 0.334 0.010 4.255 1.283
4.332 5.636 -4.066 -8.893 0.357 0.010 4.308 1.302
4.388 5.596 -4.061 0.440 0.381 0.010 4.360 1.322
4.444 5.556 -3.946 11.487 0.406 0.010 4.412 1.343
4.499 5.519 -3.704 24.231 0.432 0.010 4.462 1.366
4.554 5.486 -3.319 38.558 0.459 0.010 4.512 1.389
4.608 5.458 -2.776 54.239 0.487 0.010 4.560 1.414
4.663 5.437 -2.067 70.905 0.516 0.010 4.608 1.440
4.717 5.426 -1.187 88.050 0.545 0.010 4.655 1.468
4.771 5.424 -0.136 105.044 0.575 0.010 4.701 1.497
4.826 5.435 1.075 121.151 0.606 0.010 4.746 1.527
4.880 5.459 2.431 135.591 0.637 0.010 4.790 1.559
4.935 5.498 3.907 147.589 0.669 0.010 4.834 1.592
4.991 5.553 5.472 156.459 0.701 0.010 4.877 1.627
5.047 5.624 7.088 161.669 0.732 0.010 4.919 1.664
5.104 5.711 8.717 162.902 0.764 0.010 4.961 1.703
5.162 5.814 10.318 160.095 0.795 0.010 5.002 1.744
5.222 5.933 11.853 153.444 0.826 0.010 5.043 1.787
5.282 6.066 13.287 143.382 0.856 0.010 5.084 1.832
5.344 6.212 14.592 130.528 0.885 0.010 5.124 1.879
5.408 6.369 15.748 115.625 0.914 0.010 5.163 1.929
5.473 6.536 16.743 99.460 0.941 0.010 5.203 1.982
5.541 6.711 17.405 66.250 0.968 0.010 5.241 2.036
5.609 6.888 17.721 31.598 0.994 0.010 5.280 2.094
5.680 7.066 17.853 13.204 1.018 0.010 5.318 2.153
5.753 7.244 17.813 -3.988 1.041 0.010 5.355 2.215
5.827 7.421 17.618 -19.568 1.063 0.010 5.392 2.280
5.903 7.593 17.285 -33.284 1.084 0.010 5.428 2.347
5.980 7.762 16.835 -45.029 1.104 0.010 5.463 2.416
6.060 7.925 16.286 -54.810 1.122 0.010 5.498 2.487
6.140 8.081 15.659 -62.719 1.140 0.010 5.533 2.560
6.223 8.231 14.970 -68.906 1.156 0.010 5.567 2.635
6.306 8.373 14.235 -73.554 1.171 0.010 5.600 2.712
6.391 8.508 13.466 -76.863 1.185 0.010 5.632 2.790
6.478 8.635 12.676 -79.030 1.197 0.010 5.664 2.871
6.565 8.753 11.873 -80.247 1.209 0.010 5.696 2.952
6.654 8.864 11.066 -80.687 1.220 0.010 5.727 3.035
6.744 8.969 10.472 -59.483 1.229 0.010 5.757 3.120
6.834 9.070 10.105 -36.638 1.238 0.010 5.787 3.205
6.926 9.168 9.767 -33.866 1.246 0.010 5.817 3.292
7.019 9.262 9.457 -30.961 1.253 0.010 5.846 3.380
7.112 9.354 9.177 -27.981 1.259 0.010 5.875 3.469
7.207 9.443 8.927 -24.966 1.264 0.010 5.904 3.559
7.302 9.530 8.708 -21.947 1.269 0.010 5.932 3.650
7.398 9.615 8.519 -18.945 1.272 0.010 5.961 3.742
7.495 9.699 8.359 -15.973 1.275 0.010 5.989 3.834
7.593 9.781 8.228 -13.040 1.277 0.010 6.017 3.928
7.692 9.863 8.127 -10.150 1.278 0.010 6.046 4.022
7.791 9.943 8.054 -7.305 1.279 0.010 6.075 4.118
7.891 10.023 8.009 -4.503 1.279 0.010 6.103 4.214
7.992 10.103 7.991 -1.743 1.278 0.010 6.133 4.310
8.094 10.183 8.001 0.976 1.276 0.010 6.162 4.408
8.197 10.263 8.038 3.654 1.274 0.010 6.192 4.506
8.300 10.344 8.101 6.292 1.270 0.010 6.222 4.605
8.404 10.426 8.189 8.887 1.266 0.010 6.253 4.704
8.510 10.509 8.304 11.432 1.262 0.010 6.285 4.805
8.615 10.594 8.443 13.916 1.256 0.010 6.318 4.905
8.722 10.680 8.606 16.327 1.250 0.010 6.351 5.007
8.830 10.768 8.793 18.641 1.242 0.010 6.385 5.109
8.939 10.858 9.001 20.830 1.234 0.010 6.421 5.211
9.048 10.950 9.230 22.857 1.225 0.010 6.458 5.315
9.158 11.045 9.476 24.672 1.215 0.010 6.495 5.418
9.270 11.142 9.738 26.215 1.205 0.010 6.535 5.523
9.382 11.242 10.012 27.410 1.193 0.010 6.576 5.627
9.496 11.345 10.294 28.167 1.180 0.010 6.618 5.733
9.610 11.451 10.578 28.379 1.167 0.010 6.662 5.838
9.726 11.560 10.857 27.920 1.152 0.010 6.709 5.944
9.843 11.671 11.124 26.648 1.136 0.010 6.757 6.050
9.960 11.784 11.257 13.364 1.120 0.010 6.807 6.157
10.079 11.894 11.074 -18.332 1.102 0.010 6.860 6.263
10.199 12.001 10.659 -41.477 1.083 0.010 6.915 6.370
10.320 12.102 10.160 -49.893 1.063 0.010 6.973 6.476
10.442 12.198 9.561 -59.903 1.042 0.010 7.034 6.582
10.565 12.287 8.846 -71.513 1.019 0.010 7.097 6.688
10.689 12.367 8.000 -84.648 0.996 0.010 7.163 6.792
10.813 12.437 7.008 -99.128 0.972 0.010 7.232 6.896
10.938 12.495 5.862 -114.652 0.947 0.010 7.303 6.998
11.064 12.541 4.554 -130.792 0.921 0.010 7.378 7.099
11.189 12.572 3.084 -146.993 0.895 0.010 7.455 7.198
11.315 12.586 1.458 -162.600 0.867 0.010 7.536 7.295
11.441 12.583 -0.311 -176.890 0.840 0.010 7.618 7.390
11.567 12.561 -2.202 -189.125 0.812 0.010 7.703 7.482
11.692 12.519 -4.188 -198.619 0.783 0.010 7.791 7.572
11.816 12.458 -6.113 -192.500 0.755 0.010 7.880 7.658
11.940 12.380 -7.755 -164.172 0.727 0.010 7.972 7.742
12.063 12.288 -9.200 -144.501 0.699 0.010 8.065 7.822
12.185 12.182 -10.601 -140.097 0.671 0.010 8.159 7.899
12.306 12.063 -11.929 -132.835 0.644 0.010 8.255 7.973
12.425 11.932 -13.161 -123.119 0.617 0.010 8.351 8.043
12.543 11.789 -14.275 -111.461 0.591 0.010 8.448 8.110
12.659 11.636 -15.260 -98.443 0.566 0.010 8.545 8.174
12.774 11.475 -16.106 -84.656 0.541 0.010 8.643 8.234
12.887 11.307 -16.813 -70.665 0.518 0.010 8.741 8.291
12.998 11.133 -17.383 -56.966 0.496 0.010 8.838 8.346
13.108 10.955 -17.822 -43.969 0.474 0.010 8.935 8.397
13.216 10.774 -18.142 -31.985 0.454 0.010 9.031 8.445
13.321 10.590 -18.354 -21.227 0.434 0.010 9.127 8.490
13.426 10.405 -18.473 -11.817 0.416 0.010 9.222 8.533
13.528 10.220 -18.511 -3.798 0.399 0.010 9.315 8.574
13.628 10.035 -18.482 2.845 0.383 0.010 9.408 8.612
13.727 9.851 -18.400 8.179 0.368 0.010 9.500 8.648
13.823 9.669 -18.277 12.297 0.354 0.010 9.590 8.682
13.918 9.487 -18.124 15.315 0.341 0.010 9.680 8.715
14.011 9.308 -17.951 17.354 0.329 0.010 9.767 8.745
14.103 9.130 -17.765 18.537 0.319 0.010 9.854 8.774
14.192 8.954 -17.575 18.983 0.309 0.010 9.939 8.802
14.280 8.781 -17.387 18.801 0.300 0.010 10.023 8.828
14.366 8.608 -17.207 18.087 0.292 0.010 10.105 8.853
14.450 8.438 -17.037 16.930 0.285 0.010 10.186 8.877
14.533 8.269 -16.883 15.403 0.279 0.010 10.266 8.900
14.614 8.102 -16.748 13.568 0.274 0.010 10.344 8.922
14.693 7.935 -16.633 11.480 0.270 0.010 10.420 8.944
14.771 7.770 -16.541 9.179 0.266 0.010 10.495 8.964
14.847 7.605 -16.474 6.701 0.264 0.010 10.568 8.984
14.922 7.441 -16.433 4.072 0.262 0.010 10.640 9.004
14.994 7.277 -16.420 1.316 0.262 0.010 10.710 9.022
15.064 6.934 -34.237 -1781.703 0.264 0.010 10.777 9.040
15.126 6.264 -67.024 -3278.696 0.271 0.010 10.838 9.057
15.183 5.671 -59.312 771.246 0.284 0.010 10.892 9.072
15.235 5.159 -51.181 813.015 0.301 0.010 10.942 9.087
15.282 4.723 -43.667 751.427 0.321 0.010 10.987 9.102
15.325 4.357 -36.562 710.479 0.344 0.010 11.028 9.116
15.366 4.059 -29.756 680.587 0.369 0.010 11.066 9.130
15.404 3.827 -23.223 653.343 0.395 0.010 11.102 9.144
15.441 3.657 -17.001 622.188 0.423 0.010 11.135 9.159
15.476 3.545 -11.172 582.903 0.451 0.010 11.167 9.174
15.511 3.487 -5.834 533.790 0.478 0.010 11.198 9.189
15.546 3.476 -1.079 475.488 0.506 0.010 11.229 9.206
15.581 3.507 3.025 410.425 0.532 0.010 11.259 9.223
15.617 3.571 6.446 342.065 0.557 0.010 11.290 9.242
15.653 3.663 9.187 274.115 0.580 0.010 11.321 9.261
15.691 3.776 11.286 209.883 0.602 0.010 11.352 9.282
15.730 3.904 12.804 151.865 0.622 0.010 11.384 9.305
15.771 4.042 13.820 101.599 0.640 0.010 11.417 9.329
15.812 4.186 14.417 59.705 0.656 0.010 11.450 9.354
15.856 4.333 14.678 26.062 0.670 0.010 11.484 9.381
15.901 4.480 14.678 0.025 0.682 0.010 11.519 9.409
15.947 4.625 14.484 -19.360 0.692 0.010 11.555 9.438
15.994 4.766 14.153 -33.188 0.700 0.010 11.592 9.469
16.044 4.903 13.727 -42.561 0.705 0.010 11.629 9.500
16.094 5.036 13.242 -48.515 0.709 0.010 11.667 9.533
16.145 5.163 12.722 -51.974 0.712 0.010 11.706 9.567
16.198 5.285 12.185 -53.736 0.712 0.010 11.746 9.601
16.252 5.401 11.640 -54.469 0.711 0.010 11.787 9.637
16.307 5.512 11.093 -54.725 0.707 0.010 11.829 9.672
16.364 5.618 10.543 -54.949 0.703 0.010 11.872 9.709
16.421 5.717 9.988 -55.498 0.696 0.010 11.916 9.746
16.479 5.812 9.422 -56.645 0.688 0.010 11.960 9.783
16.538 5.900 8.836 -58.594 0.679 0.010 12.006 9.820
16.598 5.982 8.221 -61.478 0.668 0.010 12.053 9.857
16.658 6.058 7.567 -65.367 0.656 0.010 12.101 9.895
16.720 6.127 6.865 -70.266 0.643 0.010 12.149 9.932
16.781 6.188 6.104 -76.111 0.628 0.010 12.199 9.968
16.844 6.240 5.276 -82.770 0.612 0.010 12.250 10.005
16.907 6.284 4.376 -90.041 0.595 0.010 12.302 10.040
16.970 6.318 3.399 -97.660 0.577 0.010 12.354 10.075
17.033 6.342 2.346 -105.306 0.558 0.010 12.408 10.109
17.097 6.354 1.220 -112.614 0.539 0.010 12.462 10.142
17.160 6.354 0.028 -119.200 0.518 0.010 12.517 10.175
17.224 6.342 -1.219 -124.679 0.498 0.010 12.572 10.205
17.287 6.317 -2.506 -128.697 0.476 0.010 12.628 10.235
17.350 6.279 -3.816 -130.958 0.455 0.010 12.684 10.263
17.412 6.227 -5.128 -131.249 0.433 0.010 12.741 10.290
17.474 6.163 -6.423 -129.455 0.411 0.010 12.797 10.315
17.535 6.086 -7.678 -125.575 0.390 0.010 12.853 10.339
17.595 5.998 -8.876 -119.716 0.368 0.010 12.909 10.361
17.654 5.898 -9.996 -112.085 0.347 0.010 12.964 10.382
17.711 5.787 -11.026 -102.968 0.326 0.010 13.018 10.401
17.768 5.668 -11.953 -92.708 0.306 0.010 13.072 10.418
17.823 5.540 -12.770 -81.673 0.286 0.010 13.125 10.435
17.878 5.405 -13.472 -70.233 0.267 0.010 13.177 10.449
17.930 5.265 -14.060 -58.734 0.248 0.010 13.228 10.463
17.981 5.120 -14.534 -47.482 0.230 0.010 13.278 10.475
18.031 4.970 -14.902 -36.729 0.213 0.010 13.326 10.486
18.079 4.819 -15.168 -26.673 0.197 0.010 13.374 10.496
18.126 4.665 -15.343 -17.448 0.181 0.010 13.419 10.504
18.171 4.511 -15.434 -9.139 0.167 0.010 13.464 10.512
18.215 4.357 -15.452 -1.780 0.153 0.010 13.507 10.519
18.257 4.202 -15.406 4.632 0.140 0.010 13.548 10.525
18.297 4.049 -15.304 10.131 0.127 0.010 13.589 10.531
18.336 3.898 -15.157 14.774 0.116 0.010 13.627 10.535
18.374 3.748 -14.970 18.630 0.105 0.010 13.665 10.539
18.410 3.601 -14.753 21.777 0.095 0.010 13.700 10.543
18.444 3.456 -14.510 24.297 0.085 0.010 13.735 10.546
18.477 3.313 -14.247 26.269 0.076 0.010 13.768 10.549
18.509 3.173 -13.969 27.769 0.068 0.010 13.799 10.551
18.539 3.037 -13.681 28.868 0.061 0.010 13.830 10.553
18.568 2.903 -13.384 29.630 0.054 0.010 13.859 10.555
18.596 2.772 -13.083 30.109 0.048 0.010 13.886 10.556
18.623 2.644 -12.780 30.356 0.042 0.010 13.913 10.557
18.648 2.519 -12.475 30.410 0.037 0.010 13.938 10.558
18.672 2.398 -12.172 30.308 0.032 0.010 13.962 10.559
18.694 2.279 -11.872 30.076 0.028 0.010 13.985 10.560
18.716 2.163 -11.574 29.739 0.024 0.010 14.006 10.560
18.737 2.050 -11.281 29.313 0.021 0.010 14.027 10.561
18.756 1.940 -10.993 28.812 0.017 0.010 14.046 10.561
18.774 1.833 -10.711 28.246 0.015 0.010 14.065 10.562
18.792 1.729 -10.434 27.622 0.012 0.010 14.082 10.562
18.808 1.627 -10.165 26.943 0.010 0.010 14.098 10.562
18.823 1.528 -9.903 26.213 0.008 0.010 14.113 10.562
18.838 1.432 -9.648 25.430 0.007 0.010 14.128 10.562
18.851 1.338 -9.403 24.596 0.006 0.010 14.141 10.562
18.863 1.246 -9.165 23.708 0.004 0.010 14.154 10.562
18.875 1.157 -8.938 22.765 0.003 0.010 14.165 10.562
18.886 1.070 -8.720 21.764 0.003 0.010 14.176 10.562
18.895 0.984 -8.513 20.705 0.002 0.010 14.186 10.562
18.904 0.901 -8.317 19.584 0.002 0.010 14.195 10.562
18.913 0.820 -8.133 18.402 0.001 0.010 14.203 10.562
18.920 0.740 -7.962 17.158 0.001 0.010 14.210 10.562
18.927 0.662 -7.803 15.852 0.001 0.010 14.217 10.562
18.933 0.586 -7.658 14.486 0.000 0.010 14.223 10.562
18.938 0.511 -7.432 22.619 0.000 0.010 14.228 10.562
18.942 0.442 -6.985 44.741 0.000 0.010 14.232 10.562
18.946 0.377 -6.415 56.923 0.000 0.010 14.236 10.562
18.949 0.319 -5.867 54.883 0.000 0.010 14.239 10.562
18.952 0.265 -5.335 53.117 0.000 0.010 14.242 10.562
18.954 0.217 -4.819 51.612 0.000 0.010 14.244 10.562
18.956 0.174 -4.316 50.353 0.000 0.010 14.246 10.562
18.957 0.136 -3.823 49.321 0.000 0.010 14.247 10.562
18.958 0.102 -3.338 48.496 0.000 0.010 14.248 10.562
18.959 0.074 -2.859 47.858 0.000 0.010 14.249 10.562
18.959 0.050 -2.385 47.384 0.000 0.010 14.249 10.562
18.960 0.031 -1.915 47.050 0.000 0.010 14.250 10.562
18.960 0.016 -1.446 46.832 0.000 0.010 14.250 10.562
18.960 0.007 -0.979 46.705 0.000 0.010 14.250 10.562
18.960 0.001 -0.513 46.644 0.000 0.010 14.250 10.563
18.960 0.000 -0.140 37.301 0.000 0.010 14.250 10.563
0.000 0.005 0.466 46.620 0.000 0.010 0.000 -1.063
0.000 0.009 0.466 0.000 0.000 0.010 0.000 -1.063
0.000 0.021 1.166 69.930 0.000 0.010 0.000 -1.063
0.001 0.037 1.632 46.620 0.000 0.010 0.001 -1.063
0.001 0.058 2.098 46.620 0.000 0.010 0.001 -1.063
0.002 0.084 2.564 46.620 0.000 0.010 0.002 -1.063
0.003 0.114 3.030 46.620 0.000 0.010 0.003 -1.063
0.005 0.149 3.497 46.620 0.000 0.010 0.005 -1.063
0.007 0.189 3.963 46.620 0.000 0.010 0.007 -1.063
0.009 0.233 4.429 46.620 0.000 0.010 0.009 -1.063
0.012 0.282 4.895 46.620 0.000 0.010 0.012 -1.063
0.015 0.336 5.361 46.620 0.000 0.010 0.015 -1.063
0.019 0.394 5.828 46.620 0.000 0.010 0.019 -1.063
0.024 0.457 6.294 46.620 0.000 0.010 0.024 -1.063
0.029 0.524 6.760 46.620 0.000 0.010 0.029 -1.063
0.035 0.594 6.993 23.310 0.000 0.010 0.035 -1.063
0.041 0.664 6.993 0.000 0.000 0.010 0.041 -1.063
0.049 0.734 6.993 -0.000 0.000 0.010 0.049 -1.063
0.057 0.804 6.993 0.000 0.000 0.010 0.057 -1.063
0.066 0.874 6.993 -0.000 0.000 0.010 0.066 -1.063
0.075 0.944 6.993 -0.000 0.000 0.010 0.075 -1.063
0.085 1.014 6.993 0.000 0.000 0.010 0.085 -1.063
0.096 1.084 6.993 0.000 0.000 0.010 0.096 -1.063
0.108 1.154 6.993 -0.000 0.000 0.010 0.108 -1.063
0.120 1.224 6.993 0.000 0.000 0.010 0.120 -1.063
0.133 1.294 6.993 0.000 0.000 0.010 0.133 -1.063
0.146 1.364 6.993 -0.000 0.000 0.010 0.146 -1.063
0.161 1.434 6.993 -0.000 0.000 0.010 0.161 -1.063
0.176 1.503 6.993 0.000 0.000 0.010 0.176 -1.063
0.191 1.573 6.993 -0.000 0.000 0.010 0.191 -1.063
0.208 1.643 6.993 0.000 0.000 0.010 0.208 -1.063
0.225 1.713 6.993 -0.000 0.000 0.010 0.225 -1.063
0.243 1.783 6.993 0.000 0.000 0.010 0.243 -1.063
0.261 1.853 6.993 -0.000 0.000 0.010 0.261 -1.063
0.281 1.923 6.993 0.000 0.000 0.010 0.281 -1.063
0.301 1.993 6.993 0.000 0.000 0.010 0.301 -1.063
0.321 2.063 6.993 0.000 0.000 0.010 0.321 -1.063
0.343 2.133 6.993 -0.000 0.000 0.010 0.343 -1.063
0.365 2.203 6.993 0.000 0.000 0.010 0.365 -1.063
0.387 2.273 6.993 -0.000 0.000 0.010 0.387 -1.063
0.411 2.343 6.993 0.000 0.000 0.010 0.411 -1.063
0.435 2.413 6.993 -0.000 0.000 0.010 0.435 -1.063
0.460 2.483 6.993 -0.000 0.000 0.010 0.460 -1.063
0.485 2.552 6.993 0.000 0.000 0.010 0.485 -1.063
0.511 2.622 6.993 -0.000 0.000 0.010 0.511 -1.063
0.538 2.692 6.993 0.000 0.000 0.010 0.538 -1.063
0.566 2.762 6.993 0.000 0.000 0.010 0.566 -1.063
0.594 2.832 6.993 -0.000 0.000 0.010 0.594 -1.063
0.623 2.902 6.993 0.000 0.000 0.010 0.623 -1.063
0.653 2.972 6.993 0.000 0.000 0.010 0.653 -1.063
0.683 3.042 6.993 0.000 0.000 0.010 0.683 -1.063
0.715 3.112 6.993 0.000 0.000 0.010 0.715 -1.063
0.746 3.182 6.993 -0.000 0.000 0.010 0.746 -1.063
0.779 3.252 6.993 0.000 0.000 0.010 0.779 -1.063
0.812 3.322 6.993 0.000 0.000 0.010 0.812 -1.063
0.846 3.392 6.993 0.000 0.000 0.010 0.846 -1.063
0.881 3.462 6.993 -0.000 0.000 0.010 0.881 -1.063
0.916 3.531 6.993 0.000 0.000 0.010 0.916 -1.063
0.952 3.601 6.993 -0.000 0.000 0.010 0.952 -1.063
0.989 3.671 6.993 0.000 0.000 0.010 0.989 -1.063
1.026 3.741 6.993 0.000 0.000 0.010 1.026 -1.063
1.064 3.811 6.993 -0.000 0.000 0.010 1.064 -1.063
1.103 3.881 6.993 -0.000 0.000 0.010 1.103 -1.063
1.143 3.951 6.993 -0.000 0.000 0.010 1.143 -1.063
1.183 4.021 6.993 0.000 0.000 0.010 1.183 -1.063
1.224 4.091 6.993 0.000 0.000 0.010 1.224 -1.063
1.265 4.161 6.993 0.000 0.000 0.010 1.265 -1.063
1.308 4.231 6.993 0.000 0.000 0.010 1.308 -1.063
1.351 4.301 6.993 0.000 0.000 0.010 1.351 -1.063
1.394 4.371 6.993 0.000 0.000 0.010 1.394 -1.063
1.439 4.441 6.993 -0.000 0.000 0.010 1.439 -1.063
1.484 4.510 6.993 0.000 0.000 0.010 1.484 -1.063
1.530 4.580 6.993 0.000 0.000 0.010 1.530 -1.063
1.576 4.650 6.993 0.000 0.000 0.010 1.576 -1.063
1.623 4.720 6.993 0.000 0.000 0.010 1.623 -1.063
1.671 4.790 6.993 -0.000 0.000 0.010 1.671 -1.063
1.720 4.860 6.993 0.000 0.000 0.010 1.720 -1.063
1.769 4.930 6.993 -0.000 0.000 0.010 1.769 -1.063
1.819 5.000 6.993 0.000 0.000 0.010 1.819 -1.063
1.870 5.070 6.993 -0.000 0.000 0.010 1.870 -1.063
1.921 5.140 6.993 0.000 0.000 0.010 1.921 -1.063
1.973 5.210 6.993 0.000 0.000 0.010 1.973 -1.063
2.026 5.283 7.335 34.210 0.000 0.010 2.026 -1.062
2.080 5.378 9.470 213.509 0.000 0.010 2.080 -1.062
2.135 5.477 9.893 42.245 0.001 0.010 2.135 -1.062
2.190 5.576 9.960 6.735 0.002 0.010 2.190 -1.062
2.247 5.677 10.032 7.242 0.003 0.010 2.247 -1.062
2.305 5.778 10.110 7.788 0.004 0.010 2.305 -1.062
2.364 5.880 10.194 8.375 0.006 0.010 2.364 -1.062
2.424 5.983 10.284 9.004 0.008 0.010 2.424 -1.061
2.484 6.086 10.381 9.677 0.010 0.010 2.484 -1.061
2.546 6.191 10.485 10.397 0.013 0.010 2.546 -1.060
2.609 6.297 10.596 11.165 0.016 0.010 2.609 -1.059
2.673 6.404 10.716 11.984 0.019 0.010 2.673 -1.058
2.739 6.513 10.845 12.855 0.023 0.010 2.738 -1.057
2.805 6.623 10.983 13.783 0.027 0.010 2.805 -1.055
2.872 6.734 11.130 14.766 0.031 0.010 2.872 -1.053
2.941 6.847 11.288 15.809 0.036 0.010 2.940 -1.051
3.010 6.961 11.458 16.909 0.042 0.010 3.010 -1.048
3.081 7.078 11.638 18.072 0.047 0.010 3.081 -1.045
3.153 7.196 11.831 19.292 0.054 0.010 3.153 -1.041
3.226 7.316 12.037 20.571 0.060 0.010 3.226 -1.037
3.300 7.439 12.256 21.905 0.067 0.010 3.300 -1.032
3.376 7.564 12.489 23.288 0.075 0.010 3.375 -1.027
3.453 7.691 12.736 24.712 0.083 0.010 3.452 -1.021
3.531 7.821 12.998 26.168 0.092 0.010 3.530 -1.014
3.611 7.954 13.274 27.641 0.101 0.010 3.609 -1.006
3.692 8.090 13.565 29.110 0.111 0.010 3.690 -0.998
3.774 8.228 13.871 30.552 0.122 0.010 3.771 -0.988
3.858 8.370 14.190 31.934 0.133 0.010 3.854 -0.978
3.943 8.515 14.522 33.213 0.145 0.010 3.939 -0.966
4.029 8.664 14.866 34.343 0.158 0.010 4.024 -0.953
4.118 8.816 15.218 35.257 0.172 0.010 4.111 -0.938
4.207 8.972 15.577 35.883 0.186 0.010 4.199 -0.922
4.299 9.131 15.938 36.131 0.201 0.010 4.289 -0.905
4.392 9.294 16.297 35.896 0.217 0.010 4.380 -0.885
4.486 9.461 16.648 35.057 0.234 0.010 4.472 -0.864
4.583 9.631 16.983 33.472 0.252 0.010 4.566 -0.841
4.681 9.804 17.292 30.997 0.271 0.010 4.660 -0.816
4.780 9.979 17.567 27.461 0.291 0.010 4.756 -0.788
4.882 10.157 17.794 22.703 0.312 0.010 4.853 -0.758
4.985 10.337 17.960 16.554 0.334 0.010 4.951 -0.725
5.090 10.517 18.048 8.873 0.357 0.010 5.050 -0.689
5.197 10.698 18.044 -0.462 0.381 0.010 5.150 -0.651
5.306 10.877 17.929 -11.504 0.406 0.010 5.251 -0.609
5.417 11.054 17.686 -24.243 0.432 0.010 5.352 -0.564
5.529 11.227 17.301 -38.565 0.459 0.010 5.453 -0.516
5.643 11.395 16.758 -54.238 0.487 0.010 5.554 -0.464
5.759 11.555 16.049 -70.895 0.516 0.010 5.656 -0.408
5.876 11.707 15.169 -88.032 0.545 0.010 5.757 -0.349
5.994 11.848 14.119 -105.014 0.575 0.010 5.857 -0.286
6.114 11.977 12.908 -121.112 0.606 0.010 5.956 -0.220
6.235 12.092 11.552 -135.540 0.637 0.010 6.055 -0.149
6.357 12.193 10.077 -147.530 0.669 0.010 6.152 -0.075
6.479 12.278 8.513 -156.393 0.701 0.010 6.247 0.003
6.603 12.347 6.897 -161.598 0.732 0.010 6.340 0.084
6.727 12.400 5.269 -162.829 0.764 0.010 6.431 0.168
6.851 12.437 3.669 -160.023 0.795 0.010 6.519 0.255
6.976 12.458 2.135 -153.375 0.826 0.010 6.605 0.346
7.101 12.465 0.702 -143.319 0.856 0.010 6.688 0.439
7.225 12.459 -0.603 -130.473 0.885 0.010 6.768 0.534
7.350 12.441 -1.759 -115.579 0.914 0.010 6.846 0.631
7.474 12.414 -2.753 -99.425 0.941 0.010 6.920 0.731
7.597 12.375 -3.882 -112.840 0.968 0.010 6.992 0.832
7.721 12.324 -5.130 -124.815 0.994 0.010 7.060 0.934
7.843 12.262 -6.194 -106.433 1.018 0.010 7.126 1.038
7.965 12.191 -7.086 -89.249 1.041 0.010 7.189 1.142
8.086 12.113 -7.823 -73.679 1.063 0.010 7.249 1.247
8.207 12.029 -8.423 -59.969 1.084 0.010 7.306 1.353
8.326 11.940 -8.905 -48.229 1.104 0.010 7.361 1.459
8.444 11.847 -9.290 -38.452 1.122 0.010 7.413 1.565
8.562 11.751 -9.595 -30.546 1.140 0.010 7.463 1.672
8.679 11.652 -9.839 -24.360 1.156 0.010 7.511 1.778
8.794 11.552 -10.036 -19.712 1.171 0.010 7.557 1.884
8.909 11.450 -10.200 -16.404 1.185 0.010 7.601 1.990
9.022 11.347 -10.342 -14.236 1.197 0.010 7.643 2.095
9.134 11.242 -10.473 -13.018 1.209 0.010 7.683 2.200
9.246 11.136 -10.598 -12.576 1.220 0.010 7.722 2.304
9.356 11.031 -10.470 12.840 1.229 0.010 7.760 2.408
9.465 10.930 -10.104 36.617 1.238 0.010 7.796 2.511
9.574 10.832 -9.765 33.847 1.246 0.010 7.831 2.614
9.681 10.738 -9.456 30.944 1.253 0.010 7.865 2.716
9.788 10.646 -9.176 27.965 1.259 0.010 7.898 2.817
9.893 10.557 -8.927 24.951 1.264 0.010 7.930 2.918
9.998 10.470 -8.707 21.933 1.269 0.010 7.961 3.017
10.102 10.385 -8.518 18.933 1.272 0.010 7.992 3.117
10.205 10.301 -8.358 15.962 1.275 0.010 8.022 3.215
10.307 10.219 -8.228 13.030 1.277 0.010 8.052 3.313
10.408 10.137 -8.127 10.140 1.278 0.010 8.081 3.410
10.509 10.057 -8.054 7.295 1.279 0.010 8.110 3.506
10.609 9.977 -8.009 4.493 1.279 0.010 8.138 3.602
10.708 9.897 -7.991 1.734 1.278 0.010 8.167 3.697
10.806 9.817 -8.001 -0.985 1.276 0.010 8.195 3.791
10.903 9.737 -8.038 -3.664 1.274 0.010 8.224 3.884
11.000 9.655 -8.101 -6.302 1.270 0.010 8.252 3.976
11.095 9.574 -8.190 -8.897 1.266 0.010 8.281 4.067
11.190 9.491 -8.304 -11.442 1.262 0.010 8.309 4.158
11.284 9.406 -8.444 -13.928 1.256 0.010 8.338 4.247
11.378 9.320 -8.607 -16.339 1.250 0.010 8.367 4.336
11.470 9.232 -8.794 -18.654 1.242 0.010 8.397 4.423
11.561 9.142 -9.002 -20.844 1.234 0.010 8.427 4.510
11.652 9.050 -9.231 -22.872 1.225 0.010 8.457 4.595
11.741 8.955 -9.478 -24.688 1.215 0.010 8.488 4.679
11.830 8.858 -9.740 -26.232 1.205 0.010 8.519 4.762
11.917 8.757 -10.014 -27.429 1.193 0.010 8.551 4.844
12.004 8.655 -10.296 -28.188 1.180 0.010 8.583 4.924
12.090 8.549 -10.580 -28.401 1.167 0.010 8.616 5.003
12.174 8.440 -10.860 -27.943 1.152 0.010 8.650 5.080
12.257 8.329 -11.126 -26.672 1.136 0.010 8.684 5.156
12.339 8.214 -11.447 -32.033 1.120 0.010 8.720 5.230
12.420 8.095 -11.916 -46.954 1.102 0.010 8.756 5.303
12.500 7.971 -12.434 -51.783 1.083 0.010 8.792 5.373
12.578 7.842 -12.868 -43.363 1.063 0.010 8.830 5.442
12.656 7.710 -13.201 -33.350 1.042 0.010 8.868 5.509
12.731 7.576 -13.418 -21.735 1.019 0.010 8.907 5.574
12.806 7.441 -13.504 -8.593 0.996 0.010 8.947 5.637
12.879 7.307 -13.445 5.895 0.972 0.010 8.987 5.698
12.951 7.174 -13.231 21.428 0.947 0.010 9.028 5.757
13.021 7.046 -12.855 37.577 0.921 0.010 9.070 5.813
13.090 6.922 -12.317 53.789 0.895 0.010 9.113 5.868
13.158 6.806 -11.623 69.406 0.867 0.010 9.156 5.921
13.225 6.698 -10.786 83.704 0.840 0.010 9.200 5.971
13.291 6.600 -9.827 95.947 0.812 0.010 9.245 6.020
13.356 6.512 -8.772 105.446 0.783 0.010 9.290 6.066
13.421 6.436 -7.593 117.973 0.755 0.010 9.337 6.111
13.484 6.374 -6.230 136.261 0.727 0.010 9.384 6.154
13.548 6.326 -4.785 144.560 0.699 0.010 9.431 6.195
13.611 6.292 -3.383 140.151 0.671 0.010 9.480 6.235
13.673 6.272 -2.054 132.884 0.644 0.010 9.530 6.273
13.736 6.264 -0.823 123.159 0.617 0.010 9.580 6.310
13.799 6.267 0.292 111.494 0.591 0.010 9.632 6.346
13.861 6.279 1.277 98.467 0.566 0.010 9.685 6.380
13.924 6.301 2.124 84.672 0.541 0.010 9.738 6.413
13.988 6.329 2.830 70.672 0.518 0.010 9.793 6.445
14.051 6.363 3.400 56.966 0.496 0.010 9.848 6.476
14.115 6.401 3.840 43.962 0.474 0.010 9.905 6.506
14.180 6.443 4.159 31.974 0.454 0.010 9.963 6.535
14.245 6.487 4.372 21.211 0.434 0.010 10.021 6.563
14.310 6.532 4.490 11.799 0.416 0.010 10.081 6.590
14.376 6.577 4.527 3.779 0.399 0.010 10.141 6.616
14.442 6.622 4.499 -2.867 0.383 0.010 10.202 6.641
14.509 6.666 4.417 -8.200 0.368 0.010 10.264 6.665
14.576 6.709 4.294 -12.319 0.354 0.010 10.327 6.689
14.643 6.750 4.140 -15.336 0.341 0.010 10.391 6.712
14.711 6.790 3.966 -17.374 0.329 0.010 10.455 6.734
14.779 6.828 3.781 -18.557 0.319 0.010 10.519 6.756
14.848 6.864 3.591 -19.002 0.309 0.010 10.585 6.777
14.917 6.898 3.403 -18.818 0.300 0.010 10.651 6.798
14.986 6.930 3.222 -18.104 0.292 0.010 10.717 6.818
15.056 6.960 3.052 -16.945 0.285 0.010 10.784 6.838
15.126 6.989 2.898 -15.417 0.279 0.010 10.851 6.857
15.196 7.017 2.762 -13.582 0.274 0.010 10.918 6.877
15.266 7.044 2.647 -11.492 0.270 0.010 10.986 6.895
15.337 7.069 2.555 -9.191 0.266 0.010 11.054 6.914
15.408 7.094 2.488 -6.712 0.264 0.010 11.123 6.933
15.479 7.118 2.447 -4.083 0.262 0.010 11.191 6.951
15.551 7.143 2.434 -1.326 0.262 0.010 11.260 6.970
15.624 7.345 20.251 1781.669 0.264 0.010 11.331 6.989
15.703 7.876 53.035 3278.399 0.271 0.010 11.407 7.010
15.786 8.329 45.320 -771.501 0.284 0.010 11.487 7.032
15.873 8.701 37.188 -813.133 0.301 0.010 11.571 7.057
15.963 8.997 29.674 -751.445 0.321 0.010 11.656 7.085
16.055 9.223 22.570 -710.423 0.344 0.010 11.744 7.115
16.149 9.381 15.765 -680.478 0.369 0.010 11.832 7.148
16.244 9.473 9.233 -653.199 0.395 0.010 11.920 7.183
16.339 9.503 3.013 -622.026 0.423 0.010 12.007 7.221
16.434 9.475 -2.815 -582.739 0.451 0.010 12.093 7.261
16.528 9.394 -8.151 -533.638 0.478 0.010 12.177 7.303
16.620 9.265 -12.905 -475.358 0.506 0.010 12.258 7.347
16.711 9.094 -17.008 -410.324 0.532 0.010 12.337 7.392
16.800 8.890 -20.428 -341.995 0.557 0.010 12.413 7.438
16.887 8.659 -23.169 -274.077 0.580 0.010 12.486 7.484
16.971 8.406 -25.267 -209.871 0.602 0.010 12.556 7.531
17.052 8.138 -26.786 -151.876 0.622 0.010 12.623 7.578
17.131 7.860 -27.802 -101.625 0.640 0.010 12.686 7.624
17.207 7.576 -28.400 -59.742 0.656 0.010 12.746 7.670
17.279 7.289 -28.661 -26.106 0.670 0.010 12.804 7.715
17.349 7.003 -28.661 -0.072 0.682 0.010 12.858 7.759
17.417 6.718 -28.468 19.313 0.692 0.010 12.910 7.802
17.481 6.437 -28.137 33.142 0.700 0.010 12.960 7.843
17.543 6.160 -27.712 42.518 0.705 0.010 13.007 7.883
17.601 5.887 -27.227 48.475 0.709 0.010 13.052 7.921
17.658 5.620 -26.708 51.939 0.712 0.010 13.094 7.958
17.711 5.359 -26.171 53.704 0.712 0.010 13.135 7.993
17.762 5.102 -25.626 54.441 0.711 0.010 13.173 8.026
17.811 4.851 -25.079 54.700 0.707 0.010 13.210 8.057
17.857 4.606 -24.530 54.928 0.703 0.010 13.245 8.087
17.901 4.366 -23.975 55.480 0.696 0.010 13.279 8.115
17.942 4.132 -23.409 56.630 0.688 0.010 13.310 8.142
17.981 3.904 -22.823 58.581 0.679 0.010 13.341 8.166
18.018 3.682 -22.208 61.468 0.668 0.010 13.370 8.189
18.052 3.466 -21.555 65.360 0.656 0.010 13.397 8.211
18.085 3.258 -20.852 70.263 0.643 0.010 13.423 8.230
18.116 3.057 -20.091 76.110 0.628 0.010 13.447 8.249
18.144 2.864 -19.263 82.772 0.612 0.010 13.471 8.265
18.171 2.681 -18.363 90.046 0.595 0.010 13.493 8.280
18.196 2.507 -17.386 97.668 0.577 0.010 13.514 8.294
18.219 2.344 -16.333 105.316 0.558 0.010 13.533 8.307
18.241 2.192 -15.207 112.627 0.539 0.010 13.552 8.318
18.262 2.051 -14.014 119.215 0.518 0.010 13.570 8.329
18.281 1.924 -12.768 124.696 0.498 0.010 13.587 8.338
18.299 1.809 -11.480 128.715 0.476 0.010 13.603 8.347
18.316 1.707 -10.171 130.977 0.455 0.010 13.618 8.354
18.333 1.619 -8.858 131.267 0.433 0.010 13.633 8.361
18.348 1.543 -7.563 129.473 0.411 0.010 13.647 8.367
18.363 1.480 -6.307 125.592 0.390 0.010 13.660 8.373
18.377 1.429 -5.110 119.731 0.368 0.010 13.673 8.379
18.391 1.389 -3.989 112.097 0.347 0.010 13.687 8.383
18.405 1.359 -2.959 102.978 0.326 0.010 13.699 8.388
18.418 1.339 -2.032 92.716 0.306 0.010 13.712 8.392
18.431 1.327 -1.215 81.678 0.286 0.010 13.725 8.396
18.444 1.322 -0.513 70.236 0.267 0.010 13.737 8.400
18.458 1.322 0.074 58.734 0.248 0.010 13.750 8.403
18.471 1.328 0.549 47.480 0.230 0.010 13.763 8.406
18.484 1.337 0.916 36.727 0.213 0.010 13.776 8.409
18.498 1.349 1.183 26.669 0.197 0.010 13.789 8.412
18.511 1.363 1.358 17.443 0.181 0.010 13.803 8.414
18.525 1.377 1.449 9.133 0.167 0.010 13.816 8.417
18.539 1.392 1.467 1.774 0.153 0.010 13.830 8.419
18.553 1.406 1.420 -4.638 0.140 0.010 13.844 8.421
18.567 1.419 1.319 -10.137 0.127 0.010 13.858 8.423
18.582 1.431 1.171 -14.780 0.116 0.010 13.872 8.425
18.596 1.441 0.985 -18.635 0.105 0.010 13.887 8.426
18.611 1.448 0.767 -21.782 0.095 0.010 13.901 8.428
18.625 1.454 0.524 -24.301 0.085 0.010 13.915 8.429
18.640 1.456 0.261 -26.273 0.076 0.010 13.930 8.430
18.654 1.456 -0.017 -27.773 0.068 0.010 13.945 8.431
18.669 1.453 -0.305 -28.872 0.061 0.010 13.959 8.432
18.683 1.447 -0.602 -29.633 0.054 0.010 13.973 8.433
18.698 1.438 -0.903 -30.112 0.048 0.010 13.988 8.434
18.712 1.426 -1.206 -30.358 0.042 0.010 14.002 8.434
18.726 1.411 -1.510 -30.413 0.037 0.010 14.016 8.435
18.740 1.393 -1.814 -30.310 0.032 0.010 14.030 8.435
18.754 1.371 -2.114 -30.078 0.028 0.010 14.044 8.436
18.767 1.347 -2.412 -29.740 0.024 0.010 14.057 8.436
18.780 1.320 -2.705 -29.314 0.021 0.010 14.070 8.436
18.793 1.290 -2.993 -28.813 0.017 0.010 14.083 8.437
18.806 1.258 -3.275 -28.247 0.015 0.010 14.096 8.437
18.818 1.222 -3.552 -27.622 0.012 0.010 14.108 8.437
18.830 1.184 -3.821 -26.944 0.010 0.010 14.120 8.437
18.841 1.143 -4.083 -26.213 0.008 0.010 14.131 8.437
18.852 1.100 -4.338 -25.431 0.007 0.010 14.142 8.437
18.863 1.054 -4.583 -24.596 0.006 0.010 14.153 8.437
18.873 1.006 -4.821 -23.708 0.004 0.010 14.163 8.437
18.882 0.955 -5.048 -22.765 0.003 0.010 14.173 8.437
18.891 0.903 -5.266 -21.765 0.003 0.010 14.182 8.437
18.900 0.848 -5.473 -20.705 0.002 0.010 14.190 8.437
18.908 0.791 -5.669 -19.584 0.002 0.010 14.198 8.437
18.915 0.733 -5.853 -18.402 0.001 0.010 14.205 8.437
18.922 0.672 -6.024 -17.158 0.001 0.010 14.212 8.437
18.928 0.610 -6.183 -15.852 0.001 0.010 14.218 8.437
18.933 0.547 -6.328 -14.486 0.000 0.010 14.224 8.437
18.938 0.484 -6.367 -3.974 0.000 0.010 14.228 8.437
18.942 0.422 -6.162 20.524 0.000 0.010 14.233 8.437
18.946 0.364 -5.799 36.317 0.000 0.010 14.236 8.437
18.949 0.310 -5.416 38.357 0.000 0.010 14.239 8.437
18.952 0.260 -5.014 40.123 0.000 0.010 14.242 8.437
18.954 0.214 -4.598 41.628 0.000 0.010 14.244 8.437
18.956 0.172 -4.169 42.887 0.000 0.010 14.246 8.437
18.957 0.135 -3.730 43.919 0.000 0.010 14.247 8.437
18.958 0.102 -3.283 44.744 0.000 0.010 14.248 8.437
18.959 0.074 -2.829 45.382 0.000 0.010 14.249 8.437
18.959 0.050 -2.370 45.856 0.000 0.010 14.249 8.437
18.960 0.031 -1.908 46.190 0.000 0.010 14.250 8.437
18.960 0.016 -1.444 46.408 0.000 0.010 14.250 8.437
18.960 0.007 -0.979 46.535 0.000 0.010 14.250 8.437
18.960 0.001 -0.513 46.596 0.000 0.010 14.250 8.438
18.960 0.000 -0.140 37.294 0.000 0.010 14.250 8.438
